1|7067661
1|7067665
1|7067663
1|8423039
1|7409181
1|6347767
1|6347051
1|7253309
1|8489583
1|3822397
1|7592197
1|6268993
1|6268995
1|6268997
1|8494415
2|8077973
2|7857717
2|8723145
2|5880501
2|5880507
2|5880505
2|5880503
2|4824049
2|8483531
2|5864299
2|5864297
2|5864301
2|5864295
2|5896905
2|5896909
3|8834065
3|8834067
3|8834069
3|8834071
3|8087293
3|6368087
3|7735669
3|8087315
3|6506861
3|6656567
3|8087305
3|8809287
3|8316700
3|6368073
3|6794853
4|7068351
4|7068353
4|7068355
4|7068359
4|6364191
4|7762457
4|7762459
4|6302769
4|6302775
4|7857101
4|7895657
4|7895663
4|7068421
4|7068347
4|7068349
4|7068419
4|7068365
4|7068369
4|7068373
4|7068379
