#user id | age | gender | occupation | zip code|-77.0649|38.909
1|24|M|technician|85711|-77.0564|38.9008
2|53|F|other|94043|-77.0601|38.8947
3|23|M|writer|32067|-77.0253|38.9018
4|24|M|technician|43537|-77.0196|38.8995
5|33|F|other|15213|-77.0174|38.8945
6|42|M|executive|98101|-77.0321|38.9001
7|57|M|administrator|91344|-77.0629|38.9038
8|36|M|administrator|05201|-77.0114|38.9016
9|29|M|student|01002|-77.0241|38.9054
10|53|M|lawyer|90703|-77.0532|38.8998
11|39|F|other|30329|-77.0501|38.8945
12|28|F|other|06405|-77.054|38.8954
13|47|M|educator|29206|-77.0124|38.9072
14|45|M|scientist|55106|-77.0634|38.8924
15|49|F|educator|97301|-77.0382|38.9021
16|21|M|entertainment|10309|-77.0064|38.899
17|30|M|programmer|06355|-77.0513|38.9066
18|35|F|other|37212|-77.0431|38.9068
19|40|M|librarian|02138|-77.0535|38.9051
20|42|F|homemaker|95660|-77.0056|38.8953
21|26|M|writer|30068|-77.0532|38.9044
22|25|M|writer|40206|-77.0103|38.8945
23|30|F|artist|48197|-77.0492|38.896
24|21|F|artist|94533|-77.023|38.9055
25|39|M|engineer|55107|-77.0493|38.8954
26|49|M|engineer|21044|-77.0412|38.8937
27|40|F|librarian|30030|-77.0216|38.8941
28|32|M|writer|55369|-77.0474|38.907
29|41|M|programmer|94043|-77.0254|38.9092
30|7|M|student|55436|-77.0561|38.8926
31|24|M|artist|10003|-77.0288|38.8937
32|28|F|student|78741|-77.0547|38.8984
33|23|M|student|27510|-77.0378|38.9
34|38|F|administrator|42141|-77.0088|38.9099
35|20|F|homemaker|42459|-77.027|38.9089
36|19|F|student|93117|-77.0604|38.8931
37|23|M|student|55105|-77.019|38.8907
38|28|F|other|54467|-77.0109|38.9045
39|41|M|entertainment|01040|-77.0482|38.9061
40|38|M|scientist|27514|-77.031|38.8965
41|33|M|engineer|80525|-77.0477|38.8907
42|30|M|administrator|17870|-77.0228|38.902
43|29|F|librarian|20854|-77.0216|38.8928
44|26|M|technician|46260|-77.0006|38.905
45|29|M|programmer|50233|-77.0191|38.8984
46|27|F|marketing|46538|-77.0231|38.8965
47|53|M|marketing|07102|-77.0087|38.9019
48|45|M|administrator|12550|-77.0382|38.8993
49|23|F|student|76111|-77.0482|38.8928
50|21|M|writer|52245|-77.0241|38.9035
51|28|M|educator|16509|-77.0382|38.9039
52|18|F|student|55105|-77.0015|38.8953
53|26|M|programmer|55414|-77.0111|38.9027
54|22|M|executive|66315|-77.0135|38.9005
55|37|M|programmer|01331|-77.0581|38.8993
56|25|M|librarian|46260|-77.0606|38.9018
57|16|M|none|84010|-77.0424|38.9068
58|27|M|programmer|52246|-77.0593|38.9011
59|49|M|educator|08403|-77.0551|38.8959
60|50|M|healthcare|06472|-77.0242|38.8955
61|36|M|engineer|30040|-77.0419|38.9061
62|27|F|administrator|97214|-77.0194|38.9014
63|31|M|marketing|75240|-77.0083|38.9012
64|32|M|educator|43202|-77.0131|38.8909
65|51|F|educator|48118|-77.008|38.9047
66|23|M|student|80521|-77.0264|38.8998
67|17|M|student|60402|-77.0171|38.9093
68|19|M|student|22904|-77.0468|38.8998
69|24|M|engineer|55337|-77.0496|38.8948
70|27|M|engineer|60067|-77.0172|38.9082
71|39|M|scientist|98034|-77.025|38.9092
72|48|F|administrator|73034|-77.0644|38.8958
73|24|M|student|41850|-77.0544|38.901
74|39|M|scientist|T8H1N|-77.0596|38.9031
75|24|M|entertainment|08816|-77.0216|38.8933
76|20|M|student|02215|-77.0145|38.8935
77|30|M|technician|29379|-77.0089|38.906
78|26|M|administrator|61801|-77.0547|38.9009
79|39|F|administrator|03755|-77.0447|38.9098
80|34|F|administrator|52241|-77.0389|38.8925
81|21|M|student|21218|-77.0146|38.8954
82|50|M|programmer|22902|-77.0512|38.9081
83|40|M|other|44133|-77.0295|38.9023
84|32|M|executive|55369|-77.0426|38.8986
85|51|M|educator|20003|-77.03|38.9044
86|26|M|administrator|46005|-77.0564|38.8961
87|47|M|administrator|89503|-77.0164|38.906
88|49|F|librarian|11701|-77.0173|38.9073
89|43|F|administrator|68106|-77.0306|38.9081
90|60|M|educator|78155|-77.0243|38.8964
91|55|M|marketing|01913|-77.0096|38.8928
92|32|M|entertainment|80525|-77.0475|38.9064
93|48|M|executive|23112|-77.0229|38.892
94|26|M|student|71457|-77.037|38.9007
95|31|M|administrator|10707|-77.005|38.8942
96|25|F|artist|75206|-77.0267|38.9042
97|43|M|artist|98006|-77.0496|38.9072
98|49|F|executive|90291|-77.0592|38.8945
99|20|M|student|63129|-77.0325|38.9016
100|36|M|executive|90254|-77.0216|38.9001
101|15|M|student|05146|-77.0012|38.8998
102|38|M|programmer|30220|-77.0558|38.8961
103|26|M|student|55108|-77.0208|38.894
104|27|M|student|55108|-77.0263|38.9099
105|24|M|engineer|94043|-77.0572|38.9088
106|61|M|retired|55125|-77.0608|38.9077
107|39|M|scientist|60466|-77.0588|38.8937
108|44|M|educator|63130|-77.0115|38.8912
109|29|M|other|55423|-77.0435|38.9065
110|19|M|student|77840|-77.0264|38.9071
111|57|M|engineer|90630|-77.0646|38.9082
112|30|M|salesman|60613|-77.0535|38.8977
113|47|M|executive|95032|-77.0619|38.8909
114|27|M|programmer|75013|-77.0033|38.8975
115|31|M|engineer|17110|-77.023|38.9075
116|40|M|healthcare|97232|-77.0325|38.8904
117|20|M|student|16125|-77.0425|38.8913
118|21|M|administrator|90210|-77.0549|38.9056
119|32|M|programmer|67401|-77.0048|38.8914
120|47|F|other|06260|-77.0166|38.9059
121|54|M|librarian|99603|-77.0108|38.8911
122|32|F|writer|22206|-77.0405|38.905
123|48|F|artist|20008|-77.0397|38.9055
124|34|M|student|60615|-77.0367|38.9098
125|30|M|lawyer|22202|-77.0207|38.9018
126|28|F|lawyer|20015|-77.0522|38.8952
127|33|M|none|73439|-77.048|38.9005
128|24|F|marketing|20009|-77.0639|38.8901
129|36|F|marketing|07039|-77.0514|38.9029
130|20|M|none|60115|-77.0583|38.8987
131|59|F|administrator|15237|-77.0256|38.905
132|24|M|other|94612|-77.0291|38.9029
133|53|M|engineer|78602|-77.0602|38.9039
134|31|M|programmer|80236|-77.0362|38.895
135|23|M|student|38401|-77.0086|38.9035
136|51|M|other|97365|-77.023|38.8934
137|50|M|educator|84408|-77.0096|38.9007
138|46|M|doctor|53211|-77.045|38.8973
139|20|M|student|08904|-77.018|38.8934
140|30|F|student|32250|-77.0299|38.8914
141|49|M|programmer|36117|-77.0423|38.8975
142|13|M|other|48118|-77.0271|38.9092
143|42|M|technician|08832|-77.0251|38.8943
144|53|M|programmer|20910|-77.0174|38.8934
145|31|M|entertainment|V3N4P|-77.0084|38.8954
146|45|M|artist|83814|-77.0166|38.8961
147|40|F|librarian|02143|-77.0101|38.9032
148|33|M|engineer|97006|-77.0152|38.8979
149|35|F|marketing|17325|-77.0022|38.8946
150|20|F|artist|02139|-77.02|38.8953
151|38|F|administrator|48103|-77.0486|38.8962
152|33|F|educator|68767|-77.0047|38.9053
153|25|M|student|60641|-77.0161|38.9014
154|25|M|student|53703|-77.0122|38.8941
155|32|F|other|11217|-77.0247|38.9071
156|25|M|educator|08360|-77.0501|38.9057
157|57|M|engineer|70808|-77.038|38.9069
158|50|M|educator|27606|-77.0069|38.8992
159|23|F|student|55346|-77.0015|38.8976
160|27|M|programmer|66215|-77.0314|38.9062
161|50|M|lawyer|55104|-77.0073|38.8954
162|25|M|artist|15610|-77.0594|38.904
163|49|M|administrator|97212|-77.0449|38.9003
164|47|M|healthcare|80123|-77.007|38.892
165|20|F|other|53715|-77.0155|38.8905
166|47|M|educator|55113|-77.0457|38.8999
167|37|M|other|L9G2B|-77.0525|38.8942
168|48|M|other|80127|-77.0385|38.9092
169|52|F|other|53705|-77.0183|38.8919
170|53|F|healthcare|30067|-77.0524|38.8983
171|48|F|educator|78750|-77.0476|38.8927
172|55|M|marketing|22207|-77.0614|38.9085
173|56|M|other|22306|-77.0565|38.9003
174|30|F|administrator|52302|-77.0137|38.9052
175|26|F|scientist|21911|-77.0265|38.8952
176|28|M|scientist|07030|-77.0344|38.8916
177|20|M|programmer|19104|-77.0208|38.9002
178|26|M|other|49512|-77.0366|38.9004
179|15|M|entertainment|20755|-77.0192|38.8949
180|22|F|administrator|60202|-77.024|38.9095
181|26|M|executive|21218|-77.0062|38.8999
182|36|M|programmer|33884|-77.0242|38.8964
183|33|M|scientist|27708|-77.0554|38.8977
184|37|M|librarian|76013|-77.0145|38.9078
185|53|F|librarian|97403|-77.0324|38.8906
186|39|F|executive|00000|-77.0231|38.8905
187|26|M|educator|16801|-77.0019|38.9035
188|42|M|student|29440|-77.0641|38.8907
189|32|M|artist|95014|-77.0299|38.8957
190|30|M|administrator|95938|-77.0216|38.9002
191|33|M|administrator|95161|-77.0431|38.8919
192|42|M|educator|90840|-77.0649|38.9023
193|29|M|student|49931|-77.0356|38.8926
194|38|M|administrator|02154|-77.0532|38.8915
195|42|M|scientist|93555|-77.0333|38.8991
196|49|M|writer|55105|-77.0379|38.9028
197|55|M|technician|75094|-77.0042|38.9001
198|21|F|student|55414|-77.0202|38.893
199|30|M|writer|17604|-77.0085|38.8956
200|40|M|programmer|93402|-77.0078|38.907
201|27|M|writer|E2A4H|-77.0015|38.9039
202|41|F|educator|60201|-77.0638|38.8976
203|25|F|student|32301|-77.0248|38.9098
204|52|F|librarian|10960|-77.0501|38.897
205|47|M|lawyer|06371|-77.056|38.8967
206|14|F|student|53115|-77.0149|38.8901
207|39|M|marketing|92037|-77.0509|38.9084
208|43|M|engineer|01720|-77.0271|38.8902
209|33|F|educator|85710|-77.0085|38.9003
210|39|M|engineer|03060|-77.0574|38.8914
211|66|M|salesman|32605|-77.009|38.9053
212|49|F|educator|61401|-77.0154|38.9056
213|33|M|executive|55345|-77.0319|38.8969
214|26|F|librarian|11231|-77.0018|38.8981
215|35|M|programmer|63033|-77.0185|38.9035
216|22|M|engineer|02215|-77.0277|38.908
217|22|M|other|11727|-77.0554|38.9045
218|37|M|administrator|06513|-77.0462|38.905
219|32|M|programmer|43212|-77.0096|38.9
220|30|M|librarian|78205|-77.0527|38.9038
221|19|M|student|20685|-77.0203|38.9078
222|29|M|programmer|27502|-77.0195|38.9089
223|19|F|student|47906|-77.0105|38.8921
224|31|F|educator|43512|-77.0622|38.8932
225|51|F|administrator|58202|-77.0515|38.8901
226|28|M|student|92103|-77.0237|38.9016
227|46|M|executive|60659|-77.0608|38.8994
228|21|F|student|22003|-77.0188|38.904
229|29|F|librarian|22903|-77.039|38.9014
230|28|F|student|14476|-77.0202|38.9077
231|48|M|librarian|01080|-77.0319|38.9016
232|45|M|scientist|99709|-77.0248|38.9035
233|38|M|engineer|98682|-77.0195|38.8951
234|60|M|retired|94702|-77.0399|38.9079
235|37|M|educator|22973|-77.0595|38.8943
236|44|F|writer|53214|-77.0278|38.906
237|49|M|administrator|63146|-77.0031|38.9002
238|42|F|administrator|44124|-77.0353|38.909
239|39|M|artist|95628|-77.0394|38.9028
240|23|F|educator|20784|-77.0494|38.8988
241|26|F|student|20001|-77.0318|38.9013
242|33|M|educator|31404|-77.031|38.8939
243|33|M|educator|60201|-77.018|38.9095
244|28|M|technician|80525|-77.0057|38.8958
245|22|M|student|55109|-77.0412|38.8994
246|19|M|student|28734|-77.0368|38.9025
247|28|M|engineer|20770|-77.0093|38.8911
248|25|M|student|37235|-77.0374|38.8989
249|25|M|student|84103|-77.0509|38.8927
250|29|M|executive|95110|-77.0313|38.8944
251|28|M|doctor|85032|-77.0285|38.9056
252|42|M|engineer|07733|-77.0056|38.9029
253|26|F|librarian|22903|-77.0182|38.8939
254|44|M|educator|42647|-77.0025|38.9067
255|23|M|entertainment|07029|-77.0055|38.8995
256|35|F|none|39042|-77.045|38.909
257|17|M|student|77005|-77.0006|38.9035
258|19|F|student|77801|-77.0382|38.8965
259|21|M|student|48823|-77.027|38.9065
260|40|F|artist|89801|-77.056|38.8903
261|28|M|administrator|85202|-77.0151|38.8996
262|19|F|student|78264|-77.0585|38.9054
263|41|M|programmer|55346|-77.0562|38.909
264|36|F|writer|90064|-77.0102|38.9025
265|26|M|executive|84601|-77.0009|38.8955
266|62|F|administrator|78756|-77.0586|38.8982
267|23|M|engineer|83716|-77.0133|38.9014
268|24|M|engineer|19422|-77.0224|38.8927
269|31|F|librarian|43201|-77.0308|38.9033
270|18|F|student|63119|-77.0484|38.8974
271|51|M|engineer|22932|-77.0138|38.8943
272|33|M|scientist|53706|-77.0431|38.8961
273|50|F|other|10016|-77.0061|38.8958
274|20|F|student|55414|-77.0065|38.9082
275|38|M|engineer|92064|-77.0052|38.9053
276|21|M|student|95064|-77.0306|38.8911
277|35|F|administrator|55406|-77.0334|38.8912
278|37|F|librarian|30033|-77.0338|38.8932
279|33|M|programmer|85251|-77.0151|38.8977
280|30|F|librarian|22903|-77.049|38.9096
281|15|F|student|06059|-77.0229|38.8995
282|22|M|administrator|20057|-77.0554|38.8935
283|28|M|programmer|55305|-77.0499|38.8984
284|40|M|executive|92629|-77.0264|38.901
285|25|M|programmer|53713|-77.0648|38.8931
286|27|M|student|15217|-77.0042|38.9042
287|21|M|salesman|31211|-77.0574|38.9057
288|34|M|marketing|23226|-77.0413|38.905
289|11|M|none|94619|-77.0121|38.9022
290|40|M|engineer|93550|-77.0592|38.8918
291|19|M|student|44106|-77.053|38.9014
292|35|F|programmer|94703|-77.0052|38.9043
293|24|M|writer|60804|-77.0328|38.9074
294|34|M|technician|92110|-77.0545|38.902
295|31|M|educator|50325|-77.0271|38.9022
296|43|F|administrator|16803|-77.0516|38.9078
297|29|F|educator|98103|-77.006|38.8931
298|44|M|executive|01581|-77.053|38.9006
299|29|M|doctor|63108|-77.0592|38.8904
300|26|F|programmer|55106|-77.0588|38.9058
301|24|M|student|55439|-77.0518|38.9069
302|42|M|educator|77904|-77.0206|38.9023
303|19|M|student|14853|-77.0044|38.902
304|22|F|student|71701|-77.0335|38.9039
305|23|M|programmer|94086|-77.0473|38.8922
306|45|M|other|73132|-77.0215|38.8995
307|25|M|student|55454|-77.0638|38.9051
308|60|M|retired|95076|-77.0453|38.8998
309|40|M|scientist|70802|-77.0562|38.908
310|37|M|educator|91711|-77.0024|38.899
311|32|M|technician|73071|-77.0077|38.9098
312|48|M|other|02110|-77.0298|38.8926
313|41|M|marketing|60035|-77.035|38.8982
314|20|F|student|08043|-77.016|38.8958
315|31|M|educator|18301|-77.0068|38.8915
316|43|F|other|77009|-77.0023|38.8911
317|22|M|administrator|13210|-77.014|38.891
318|65|M|retired|06518|-77.0125|38.8961
319|38|M|programmer|22030|-77.0461|38.9084
320|19|M|student|24060|-77.0088|38.9009
321|49|F|educator|55413|-77.0345|38.902
322|20|M|student|50613|-77.0282|38.9018
323|21|M|student|19149|-77.0478|38.891
324|21|F|student|02176|-77.0496|38.9071
325|48|M|technician|02139|-77.0007|38.8965
326|41|M|administrator|15235|-77.0495|38.9068
327|22|M|student|11101|-77.0426|38.8929
328|51|M|administrator|06779|-77.0332|38.9036
329|48|M|educator|01720|-77.0591|38.9008
330|35|F|educator|33884|-77.0462|38.9096
331|33|M|entertainment|91344|-77.0504|38.904
332|20|M|student|40504|-77.0246|38.9065
333|47|M|other|V0R2M|-77.0192|38.8928
334|32|M|librarian|30002|-77.0272|38.9053
335|45|M|executive|33775|-77.0199|38.8926
336|23|M|salesman|42101|-77.017|38.8992
337|37|M|scientist|10522|-77.008|38.8999
338|39|F|librarian|59717|-77.0546|38.9031
339|35|M|lawyer|37901|-77.0625|38.8984
340|46|M|engineer|80123|-77.0554|38.9052
341|17|F|student|44405|-77.0476|38.8932
342|25|F|other|98006|-77.0244|38.8981
343|43|M|engineer|30093|-77.038|38.8944
344|30|F|librarian|94117|-77.059|38.9099
345|28|F|librarian|94143|-77.0179|38.9092
346|34|M|other|76059|-77.0487|38.9038
347|18|M|student|90210|-77.0041|38.908
348|24|F|student|45660|-77.0298|38.8979
349|68|M|retired|61455|-77.0167|38.9072
350|32|M|student|97301|-77.0317|38.8933
351|61|M|educator|49938|-77.0588|38.8966
352|37|F|programmer|55105|-77.0022|38.9049
353|25|M|scientist|28480|-77.0618|38.9028
354|29|F|librarian|48197|-77.0397|38.9073
355|25|M|student|60135|-77.003|38.8913
356|32|F|homemaker|92688|-77.006|38.9055
357|26|M|executive|98133|-77.0172|38.893
358|40|M|educator|10022|-77.0247|38.8924
359|22|M|student|61801|-77.0034|38.9047
360|51|M|other|98027|-77.0622|38.9099
361|22|M|student|44074|-77.0478|38.8936
362|35|F|homemaker|85233|-77.0172|38.9032
363|20|M|student|87501|-77.0167|38.8943
364|63|M|engineer|01810|-77.0607|38.9051
365|29|M|lawyer|20009|-77.0295|38.8924
366|20|F|student|50670|-77.0107|38.8957
367|17|M|student|37411|-77.0117|38.9024
368|18|M|student|92113|-77.0594|38.8999
369|24|M|student|91335|-77.0197|38.8967
370|52|M|writer|08534|-77.0474|38.9087
371|36|M|engineer|99206|-77.0178|38.899
372|25|F|student|66046|-77.0426|38.9081
373|24|F|other|55116|-77.0374|38.9071
374|36|M|executive|78746|-77.061|38.9067
375|17|M|entertainment|37777|-77.0451|38.9016
376|28|F|other|10010|-77.0205|38.8923
377|22|M|student|18015|-77.0254|38.8996
378|35|M|student|02859|-77.044|38.8989
379|44|M|programmer|98117|-77.014|38.8959
380|32|M|engineer|55117|-77.0578|38.8902
381|33|M|artist|94608|-77.0392|38.9092
382|45|M|engineer|01824|-77.0049|38.8949
383|42|M|administrator|75204|-77.0296|38.904
384|52|M|programmer|45218|-77.0074|38.9075
385|36|M|writer|10003|-77.0023|38.9094
386|36|M|salesman|43221|-77.0645|38.8948
387|33|M|entertainment|37412|-77.0388|38.9024
388|31|M|other|36106|-77.047|38.8972
389|44|F|writer|83702|-77.021|38.9009
390|42|F|writer|85016|-77.059|38.8981
391|23|M|student|84604|-77.0431|38.8971
392|52|M|writer|59801|-77.0228|38.8984
393|19|M|student|83686|-77.0628|38.8968
394|25|M|administrator|96819|-77.0333|38.9075
395|43|M|other|44092|-77.0025|38.8936
396|57|M|engineer|94551|-77.001|38.891
397|17|M|student|27514|-77.0452|38.9074
398|40|M|other|60008|-77.038|38.8932
399|25|M|other|92374|-77.0048|38.9007
400|33|F|administrator|78213|-77.0597|38.8951
401|46|F|healthcare|84107|-77.0237|38.8926
402|30|M|engineer|95129|-77.0301|38.8946
403|37|M|other|06811|-77.0313|38.8983
404|29|F|programmer|55108|-77.0413|38.8991
405|22|F|healthcare|10019|-77.0313|38.9026
406|52|M|educator|93109|-77.0039|38.908
407|29|M|engineer|03261|-77.0257|38.8929
408|23|M|student|61755|-77.0041|38.9001
409|48|M|administrator|98225|-77.0058|38.903
410|30|F|artist|94025|-77.0243|38.9061
411|34|M|educator|44691|-77.0368|38.9007
412|25|M|educator|15222|-77.0493|38.8918
413|55|M|educator|78212|-77.0535|38.9028
414|24|M|programmer|38115|-77.0345|38.9062
415|39|M|educator|85711|-77.0572|38.8931
416|20|F|student|92626|-77.0059|38.9067
417|27|F|other|48103|-77.0137|38.9015
418|55|F|none|21206|-77.0574|38.9024
419|37|M|lawyer|43215|-77.0305|38.9062
420|53|M|educator|02140|-77.0579|38.9035
421|38|F|programmer|55105|-77.0295|38.8906
422|26|M|entertainment|94533|-77.0226|38.8941
423|64|M|other|91606|-77.0249|38.8954
424|36|F|marketing|55422|-77.0238|38.9091
425|19|M|student|58644|-77.0376|38.8918
426|55|M|educator|01602|-77.0061|38.8956
427|51|M|doctor|85258|-77.0006|38.9076
428|28|M|student|55414|-77.048|38.9016
429|27|M|student|29205|-77.0502|38.9044
430|38|M|scientist|98199|-77.0374|38.8908
431|24|M|marketing|92629|-77.0561|38.9074
432|22|M|entertainment|50311|-77.0321|38.9008
433|27|M|artist|11211|-77.0468|38.909
434|16|F|student|49705|-77.0457|38.9041
435|24|M|engineer|60007|-77.0327|38.9032
436|30|F|administrator|17345|-77.023|38.9002
437|27|F|other|20009|-77.0449|38.9031
438|51|F|administrator|43204|-77.0069|38.9025
439|23|F|administrator|20817|-77.0372|38.9063
440|30|M|other|48076|-77.0293|38.8992
441|50|M|technician|55013|-77.0237|38.9009
442|22|M|student|85282|-77.0063|38.9007
443|35|M|salesman|33308|-77.0336|38.8945
444|51|F|lawyer|53202|-77.0077|38.9085
445|21|M|writer|92653|-77.0435|38.8947
446|57|M|educator|60201|-77.0294|38.9049
447|30|M|administrator|55113|-77.0568|38.8914
448|23|M|entertainment|10021|-77.0605|38.8964
449|23|M|librarian|55021|-77.0176|38.898
450|35|F|educator|11758|-77.0238|38.9073
451|16|M|student|48446|-77.0603|38.8975
452|35|M|administrator|28018|-77.0259|38.9034
453|18|M|student|06333|-77.0419|38.9033
454|57|M|other|97330|-77.0629|38.8965
455|48|M|administrator|83709|-77.0321|38.9054
456|24|M|technician|31820|-77.0262|38.9007
457|33|F|salesman|30011|-77.06|38.898
458|47|M|technician|Y1A6B|-77.0266|38.9052
459|22|M|student|29201|-77.0481|38.9092
460|44|F|other|60630|-77.038|38.8989
461|15|M|student|98102|-77.0306|38.8905
462|19|F|student|02918|-77.0116|38.9058
463|48|F|healthcare|75218|-77.002|38.9099
464|60|M|writer|94583|-77.0426|38.9077
465|32|M|other|05001|-77.0139|38.8998
466|22|M|student|90804|-77.0576|38.8906
467|29|M|engineer|91201|-77.0333|38.8904
468|28|M|engineer|02341|-77.0588|38.8986
469|60|M|educator|78628|-77.0314|38.9031
470|24|M|programmer|10021|-77.0611|38.9034
471|10|M|student|77459|-77.0213|38.8923
472|24|M|student|87544|-77.0217|38.8956
473|29|M|student|94708|-77.0346|38.8961
474|51|M|executive|93711|-77.0112|38.908
475|30|M|programmer|75230|-77.0218|38.8938
476|28|M|student|60440|-77.0159|38.9008
477|23|F|student|02125|-77.047|38.8952
478|29|M|other|10019|-77.0168|38.8986
479|30|M|educator|55409|-77.0089|38.8934
480|57|M|retired|98257|-77.053|38.8979
481|73|M|retired|37771|-77.0084|38.8948
482|18|F|student|40256|-77.0462|38.8912
483|29|M|scientist|43212|-77.0064|38.9074
484|27|M|student|21208|-77.0412|38.9097
485|44|F|educator|95821|-77.0029|38.8955
486|39|M|educator|93101|-77.0615|38.8931
487|22|M|engineer|92121|-77.0176|38.8945
488|48|M|technician|21012|-77.0271|38.9019
489|55|M|other|45218|-77.0242|38.9023
490|29|F|artist|V5A2B|-77.0204|38.903
491|43|F|writer|53711|-77.0097|38.8994
492|57|M|educator|94618|-77.0572|38.9056
493|22|M|engineer|60090|-77.0359|38.8964
494|38|F|administrator|49428|-77.0242|38.9018
495|29|M|engineer|03052|-77.043|38.8907
496|21|F|student|55414|-77.0346|38.891
497|20|M|student|50112|-77.0056|38.9034
498|26|M|writer|55408|-77.0223|38.9095
499|42|M|programmer|75006|-77.0504|38.9013
500|28|M|administrator|94305|-77.0509|38.8922
501|22|M|student|10025|-77.0308|38.9
502|22|M|student|23092|-77.0179|38.9008
503|50|F|writer|27514|-77.0021|38.9096
504|40|F|writer|92115|-77.0127|38.8976
505|27|F|other|20657|-77.0519|38.9023
506|46|M|programmer|03869|-77.0261|38.9065
507|18|F|writer|28450|-77.0191|38.9093
508|27|M|marketing|19382|-77.0306|38.8921
509|23|M|administrator|10011|-77.0603|38.8977
510|34|M|other|98038|-77.0419|38.9089
511|22|M|student|21250|-77.0539|38.8971
512|29|M|other|20090|-77.0316|38.8923
513|43|M|administrator|26241|-77.0339|38.8947
514|27|M|programmer|20707|-77.0002|38.8992
515|53|M|marketing|49508|-77.0103|38.8954
516|53|F|librarian|10021|-77.0322|38.8926
517|24|M|student|55454|-77.0369|38.895
518|49|F|writer|99709|-77.0415|38.8964
519|22|M|other|55320|-77.0171|38.908
520|62|M|healthcare|12603|-77.0073|38.9021
521|19|M|student|02146|-77.0224|38.8964
522|36|M|engineer|55443|-77.0307|38.9081
523|50|F|administrator|04102|-77.0396|38.9051
524|56|M|educator|02159|-77.0247|38.9071
525|27|F|administrator|19711|-77.0156|38.895
526|30|M|marketing|97124|-77.0089|38.8917
527|33|M|librarian|12180|-77.0215|38.895
528|18|M|student|55104|-77.0557|38.8994
529|47|F|administrator|44224|-77.0316|38.8921
530|29|M|engineer|94040|-77.0186|38.9067
531|30|F|salesman|97408|-77.0219|38.9052
532|20|M|student|92705|-77.0283|38.9096
533|43|M|librarian|02324|-77.008|38.9097
534|20|M|student|05464|-77.0646|38.9003
535|45|F|educator|80302|-77.0006|38.8989
536|38|M|engineer|30078|-77.0416|38.9093
537|36|M|engineer|22902|-77.0013|38.8916
538|31|M|scientist|21010|-77.0524|38.9011
539|53|F|administrator|80303|-77.0073|38.8981
540|28|M|engineer|91201|-77.0382|38.9092
541|19|F|student|84302|-77.042|38.8981
542|21|M|student|60515|-77.0457|38.9051
543|33|M|scientist|95123|-77.0347|38.9036
544|44|F|other|29464|-77.0459|38.907
545|27|M|technician|08052|-77.0034|38.9056
546|36|M|executive|22911|-77.0064|38.8985
547|50|M|educator|14534|-77.0422|38.897
548|51|M|writer|95468|-77.0222|38.8959
549|42|M|scientist|45680|-77.0431|38.9011
550|16|F|student|95453|-77.0022|38.8912
551|25|M|programmer|55414|-77.0361|38.8994
552|45|M|other|68147|-77.0487|38.8978
553|58|M|educator|62901|-77.0021|38.9007
554|32|M|scientist|62901|-77.0553|38.8928
555|29|F|educator|23227|-77.0204|38.906
556|35|F|educator|30606|-77.0386|38.902
557|30|F|writer|11217|-77.0388|38.8977
558|56|F|writer|63132|-77.0331|38.8936
559|69|M|executive|10022|-77.023|38.9056
560|32|M|student|10003|-77.0066|38.9062
561|23|M|engineer|60005|-77.0161|38.9097
562|54|F|administrator|20879|-77.0577|38.9023
563|39|F|librarian|32707|-77.0463|38.8999
564|65|M|retired|94591|-77.0098|38.8985
565|40|M|student|55422|-77.009|38.8917
566|20|M|student|14627|-77.0385|38.8917
567|24|M|entertainment|10003|-77.0399|38.9006
568|39|M|educator|01915|-77.0262|38.9019
569|34|M|educator|91903|-77.0508|38.9069
570|26|M|educator|14627|-77.0381|38.9039
571|34|M|artist|01945|-77.0516|38.9014
572|51|M|educator|20003|-77.0054|38.9091
573|68|M|retired|48911|-77.0643|38.8983
574|56|M|educator|53188|-77.0207|38.909
575|33|M|marketing|46032|-77.0517|38.8958
576|48|M|executive|98281|-77.013|38.9031
577|36|F|student|77845|-77.0212|38.9015
578|31|M|administrator|M7A1A|-77.0131|38.9014
579|32|M|educator|48103|-77.0276|38.897
580|16|M|student|17961|-77.0516|38.8983
581|37|M|other|94131|-77.0604|38.8938
582|17|M|student|93003|-77.0371|38.8956
583|44|M|engineer|29631|-77.0396|38.9058
584|25|M|student|27511|-77.0101|38.8938
585|69|M|librarian|98501|-77.0637|38.8963
586|20|M|student|79508|-77.0084|38.9058
587|26|M|other|14216|-77.0504|38.8986
588|18|F|student|93063|-77.0561|38.8967
589|21|M|lawyer|90034|-77.053|38.9061
590|50|M|educator|82435|-77.058|38.8955
591|57|F|librarian|92093|-77.0463|38.9007
592|18|M|student|97520|-77.0294|38.8904
593|31|F|educator|68767|-77.0025|38.8939
594|46|M|educator|M4J2K|-77.0364|38.9029
595|25|M|programmer|31909|-77.0591|38.903
596|20|M|artist|77073|-77.0259|38.9088
597|23|M|other|84116|-77.0534|38.8965
598|40|F|marketing|43085|-77.0608|38.9087
599|22|F|student|R3T5K|-77.0257|38.906
600|34|M|programmer|02320|-77.0019|38.8955
601|19|F|artist|99687|-77.0425|38.9055
602|47|F|other|34656|-77.0276|38.9012
603|21|M|programmer|47905|-77.0628|38.904
604|39|M|educator|11787|-77.0579|38.9077
605|33|M|engineer|33716|-77.0598|38.907
606|28|M|programmer|63044|-77.0011|38.8937
607|49|F|healthcare|02154|-77.0618|38.8932
608|22|M|other|10003|-77.0273|38.9075
609|13|F|student|55106|-77.06|38.8961
610|22|M|student|21227|-77.0284|38.8979
611|46|M|librarian|77008|-77.0318|38.8937
612|36|M|educator|79070|-77.0478|38.8908
613|37|F|marketing|29678|-77.0427|38.9023
614|54|M|educator|80227|-77.012|38.903
615|38|M|educator|27705|-77.0387|38.901
616|55|M|scientist|50613|-77.0502|38.89
617|27|F|writer|11201|-77.0512|38.9008
618|15|F|student|44212|-77.0621|38.904
619|17|M|student|44134|-77.0243|38.9062
620|18|F|writer|81648|-77.0026|38.9085
621|17|M|student|60402|-77.0576|38.8971
622|25|M|programmer|14850|-77.0479|38.9098
623|50|F|educator|60187|-77.0512|38.9025
624|19|M|student|30067|-77.0258|38.9001
625|27|M|programmer|20723|-77.046|38.9051
626|23|M|scientist|19807|-77.0621|38.9023
627|24|M|engineer|08034|-77.0029|38.893
628|13|M|none|94306|-77.0025|38.9055
629|46|F|other|44224|-77.0417|38.9016
630|26|F|healthcare|55408|-77.0578|38.8973
631|18|F|student|38866|-77.0285|38.9067
632|18|M|student|55454|-77.0407|38.9033
633|35|M|programmer|55414|-77.0455|38.8915
634|39|M|engineer|T8H1N|-77.044|38.9054
635|22|M|other|23237|-77.0355|38.8983
636|47|M|educator|48043|-77.0536|38.9002
637|30|M|other|74101|-77.0636|38.9008
638|45|M|engineer|01940|-77.034|38.9044
639|42|F|librarian|12065|-77.0221|38.9045
640|20|M|student|61801|-77.0374|38.8932
641|24|M|student|60626|-77.0196|38.9088
642|18|F|student|95521|-77.0462|38.8904
643|39|M|scientist|55122|-77.0287|38.9042
644|51|M|retired|63645|-77.0297|38.8968
645|27|M|programmer|53211|-77.0132|38.8925
646|17|F|student|51250|-77.0571|38.9013
647|40|M|educator|45810|-77.0418|38.8934
648|43|M|engineer|91351|-77.056|38.9034
649|20|M|student|39762|-77.0617|38.8964
650|42|M|engineer|83814|-77.0443|38.9
651|65|M|retired|02903|-77.0369|38.9079
652|35|M|other|22911|-77.0648|38.8964
653|31|M|executive|55105|-77.0391|38.9008
654|27|F|student|78739|-77.0022|38.8969
655|50|F|healthcare|60657|-77.0484|38.9038
656|48|M|educator|10314|-77.0013|38.9038
657|26|F|none|78704|-77.0415|38.9059
658|33|M|programmer|92626|-77.014|38.9055
659|31|M|educator|54248|-77.0257|38.8998
660|26|M|student|77380|-77.0405|38.9036
661|28|M|programmer|98121|-77.0046|38.8956
662|55|M|librarian|19102|-77.0356|38.9044
663|26|M|other|19341|-77.0596|38.8918
664|30|M|engineer|94115|-77.0218|38.8903
665|25|M|administrator|55412|-77.02|38.8974
666|44|M|administrator|61820|-77.0621|38.902
667|35|M|librarian|01970|-77.0427|38.9029
668|29|F|writer|10016|-77.0334|38.8921
669|37|M|other|20009|-77.0557|38.9033
670|30|M|technician|21114|-77.0169|38.9063
671|21|M|programmer|91919|-77.0325|38.9048
672|54|F|administrator|90095|-77.0159|38.8998
673|51|M|educator|22906|-77.0472|38.8932
674|13|F|student|55337|-77.0586|38.8945
675|34|M|other|28814|-77.0207|38.9094
676|30|M|programmer|32712|-77.0233|38.8977
677|20|M|other|99835|-77.0368|38.8946
678|50|M|educator|61462|-77.0036|38.9098
679|20|F|student|54302|-77.0511|38.9052
680|33|M|lawyer|90405|-77.0018|38.9064
681|44|F|marketing|97208|-77.0439|38.8946
682|23|M|programmer|55128|-77.0514|38.8938
683|42|M|librarian|23509|-77.0519|38.8905
684|28|M|student|55414|-77.0295|38.9016
685|32|F|librarian|55409|-77.0372|38.8903
686|32|M|educator|26506|-77.0419|38.8937
687|31|F|healthcare|27713|-77.0467|38.9001
688|37|F|administrator|60476|-77.0426|38.8944
689|25|M|other|45439|-77.0356|38.898
690|35|M|salesman|63304|-77.0137|38.9099
691|34|M|educator|60089|-77.0223|38.8901
692|34|M|engineer|18053|-77.056|38.8901
693|43|F|healthcare|85210|-77.0297|38.8989
694|60|M|programmer|06365|-77.0277|38.8969
695|26|M|writer|38115|-77.0506|38.9008
696|55|M|other|94920|-77.0647|38.9
697|25|M|other|77042|-77.0002|38.8934
698|28|F|programmer|06906|-77.0152|38.9086
699|44|M|other|96754|-77.0119|38.8926
700|17|M|student|76309|-77.0052|38.8929
701|51|F|librarian|56321|-77.039|38.8998
702|37|M|other|89104|-77.0025|38.9092
703|26|M|educator|49512|-77.0602|38.9066
704|51|F|librarian|91105|-77.0245|38.8963
705|21|F|student|54494|-77.0389|38.897
706|23|M|student|55454|-77.03|38.9018
707|56|F|librarian|19146|-77.0599|38.9065
708|26|F|homemaker|96349|-77.0277|38.9029
709|21|M|other|N4T1A|-77.0137|38.8939
710|19|M|student|92020|-77.0208|38.8992
711|22|F|student|15203|-77.0449|38.9073
712|22|F|student|54901|-77.0271|38.8996
713|42|F|other|07204|-77.0568|38.9
714|26|M|engineer|55343|-77.0258|38.9048
715|21|M|technician|91206|-77.0062|38.8926
716|36|F|administrator|44265|-77.0249|38.8948
717|24|M|technician|84105|-77.06|38.9099
718|42|M|technician|64118|-77.011|38.8933
719|37|F|other|V0R2H|-77.0179|38.895
720|49|F|administrator|16506|-77.0478|38.897
721|24|F|entertainment|11238|-77.0144|38.9091
722|50|F|homemaker|17331|-77.05|38.8901
723|26|M|executive|94403|-77.0517|38.905
724|31|M|executive|40243|-77.0077|38.8962
725|21|M|student|91711|-77.0491|38.9035
726|25|F|administrator|80538|-77.0117|38.8985
727|25|M|student|78741|-77.0067|38.8924
728|58|M|executive|94306|-77.0306|38.8939
729|19|M|student|56567|-77.0537|38.8929
730|31|F|scientist|32114|-77.0464|38.8988
731|41|F|educator|70403|-77.0385|38.8996
732|28|F|other|98405|-77.0605|38.8918
733|44|F|other|60630|-77.0302|38.8976
734|25|F|other|63108|-77.0626|38.9027
735|29|F|healthcare|85719|-77.0005|38.9019
736|48|F|writer|94618|-77.0105|38.9012
737|30|M|programmer|98072|-77.0606|38.9076
738|35|M|technician|95403|-77.0174|38.9024
739|35|M|technician|73162|-77.0331|38.9029
740|25|F|educator|22206|-77.0538|38.9053
741|25|M|writer|63108|-77.0175|38.8972
742|35|M|student|29210|-77.0389|38.9044
743|31|M|programmer|92660|-77.0292|38.8961
744|35|M|marketing|47024|-77.0367|38.9078
745|42|M|writer|55113|-77.0002|38.9031
746|25|M|engineer|19047|-77.0187|38.9046
747|19|M|other|93612|-77.0605|38.8994
748|28|M|administrator|94720|-77.0149|38.9033
749|33|M|other|80919|-77.0044|38.8981
750|28|M|administrator|32303|-77.0221|38.8939
751|24|F|other|90034|-77.0338|38.8935
752|60|M|retired|21201|-77.0073|38.9075
753|56|M|salesman|91206|-77.0349|38.8983
754|59|F|librarian|62901|-77.0248|38.8946
755|44|F|educator|97007|-77.0303|38.8978
756|30|F|none|90247|-77.0503|38.909
757|26|M|student|55104|-77.0041|38.9019
758|27|M|student|53706|-77.0489|38.906
759|20|F|student|68503|-77.0096|38.9064
760|35|F|other|14211|-77.0309|38.9056
761|17|M|student|97302|-77.0247|38.9003
762|32|M|administrator|95050|-77.0171|38.9062
763|27|M|scientist|02113|-77.0289|38.8909
764|27|F|educator|62903|-77.0289|38.8975
765|31|M|student|33066|-77.0238|38.9073
766|42|M|other|10960|-77.0008|38.89
767|70|M|engineer|00000|-77.0151|38.9074
768|29|M|administrator|12866|-77.0067|38.8939
769|39|M|executive|06927|-77.0291|38.8927
770|28|M|student|14216|-77.0341|38.8988
771|26|M|student|15232|-77.0405|38.9099
772|50|M|writer|27105|-77.0476|38.9006
773|20|M|student|55414|-77.0123|38.9056
774|30|M|student|80027|-77.0008|38.9055
775|46|M|executive|90036|-77.0225|38.9095
776|30|M|librarian|51157|-77.0441|38.9072
777|63|M|programmer|01810|-77.049|38.8927
778|34|M|student|01960|-77.0334|38.9059
779|31|M|student|K7L5J|-77.0158|38.9081
780|49|M|programmer|94560|-77.0478|38.8928
781|20|M|student|48825|-77.0131|38.8965
782|21|F|artist|33205|-77.0399|38.895
783|30|M|marketing|77081|-77.0513|38.8979
784|47|M|administrator|91040|-77.0521|38.8999
785|32|M|engineer|23322|-77.0631|38.903
786|36|F|engineer|01754|-77.0416|38.895
787|18|F|student|98620|-77.0616|38.9
788|51|M|administrator|05779|-77.0333|38.905
789|29|M|other|55420|-77.0423|38.8908
790|27|M|technician|80913|-77.0317|38.9096
791|31|M|educator|20064|-77.0381|38.895
792|40|M|programmer|12205|-77.0316|38.8925
793|22|M|student|85281|-77.0124|38.9098
794|32|M|educator|57197|-77.0369|38.891
795|30|M|programmer|08610|-77.0245|38.9004
796|32|F|writer|33755|-77.0015|38.9049
797|44|F|other|62522|-77.028|38.9067
798|40|F|writer|64131|-77.0419|38.8996
799|49|F|administrator|19716|-77.0527|38.906
800|25|M|programmer|55337|-77.044|38.9083
801|22|M|writer|92154|-77.0201|38.9019
802|35|M|administrator|34105|-77.0143|38.9053
803|70|M|administrator|78212|-77.0254|38.8951
804|39|M|educator|61820|-77.0447|38.8914
805|27|F|other|20009|-77.0505|38.8976
806|27|M|marketing|11217|-77.0124|38.898
807|41|F|healthcare|93555|-77.0525|38.8947
808|45|M|salesman|90016|-77.0095|38.9038
809|50|F|marketing|30803|-77.0306|38.8903
810|55|F|other|80526|-77.0269|38.903
811|40|F|educator|73013|-77.0442|38.9006
812|22|M|technician|76234|-77.0597|38.906
813|14|F|student|02136|-77.0422|38.9094
814|30|M|other|12345|-77.0564|38.9053
815|32|M|other|28806|-77.0077|38.9038
816|34|M|other|20755|-77.0581|38.8944
817|19|M|student|60152|-77.0472|38.8901
818|28|M|librarian|27514|-77.0286|38.9003
819|59|M|administrator|40205|-77.0331|38.9072
820|22|M|student|37725|-77.0605|38.9029
821|37|M|engineer|77845|-77.0583|38.9066
822|29|F|librarian|53144|-77.0252|38.8923
823|27|M|artist|50322|-77.0022|38.8963
824|31|M|other|15017|-77.0232|38.8991
825|44|M|engineer|05452|-77.0007|38.9088
826|28|M|artist|77048|-77.0427|38.8959
827|23|F|engineer|80228|-77.0636|38.8946
828|28|M|librarian|85282|-77.0274|38.8929
829|48|M|writer|80209|-77.0536|38.8949
830|46|M|programmer|53066|-77.0523|38.9063
831|21|M|other|33765|-77.0488|38.9065
832|24|M|technician|77042|-77.0092|38.9016
833|34|M|writer|90019|-77.054|38.9005
834|26|M|other|64153|-77.0471|38.8992
835|44|F|executive|11577|-77.0025|38.8983
836|44|M|artist|10018|-77.0623|38.8965
837|36|F|artist|55409|-77.0168|38.8992
838|23|M|student|01375|-77.0291|38.908
839|38|F|entertainment|90814|-77.0362|38.9092
840|39|M|artist|55406|-77.0238|38.9024
841|45|M|doctor|47401|-77.0459|38.9098
842|40|M|writer|93055|-77.0267|38.898
843|35|M|librarian|44212|-77.0565|38.903
844|22|M|engineer|95662|-77.0008|38.8903
845|64|M|doctor|97405|-77.0071|38.8977
846|27|M|lawyer|47130|-77.0193|38.9097
847|29|M|student|55417|-77.0147|38.8913
848|46|M|engineer|02146|-77.0229|38.9024
849|15|F|student|25652|-77.0523|38.9076
850|34|M|technician|78390|-77.0104|38.8993
851|18|M|other|29646|-77.0558|38.894
852|46|M|administrator|94086|-77.0068|38.9035
853|49|M|writer|40515|-77.0245|38.9072
854|29|F|student|55408|-77.0525|38.8924
855|53|M|librarian|04988|-77.0097|38.8969
856|43|F|marketing|97215|-77.0095|38.9067
857|35|F|administrator|V1G4L|-77.0078|38.9055
858|63|M|educator|09645|-77.064|38.9032
859|18|F|other|06492|-77.0053|38.8989
860|70|F|retired|48322|-77.0499|38.9041
861|38|F|student|14085|-77.0079|38.9054
862|25|M|executive|13820|-77.0211|38.9075
863|17|M|student|60089|-77.0426|38.8958
864|27|M|programmer|63021|-77.0176|38.9085
865|25|M|artist|11231|-77.0152|38.9083
866|45|M|other|60302|-77.0521|38.8955
867|24|M|scientist|92507|-77.0378|38.8961
868|21|M|programmer|55303|-77.0414|38.8951
869|30|M|student|10025|-77.0129|38.9059
870|22|M|student|65203|-77.0263|38.8972
871|31|M|executive|44648|-77.0082|38.8969
872|19|F|student|74078|-77.0272|38.8983
873|48|F|administrator|33763|-77.0366|38.8957
874|36|M|scientist|37076|-77.0275|38.8962
875|24|F|student|35802|-77.0491|38.8956
876|41|M|other|20902|-77.0553|38.904
877|30|M|other|77504|-77.0443|38.9088
878|50|F|educator|98027|-77.0594|38.9092
879|33|F|administrator|55337|-77.0168|38.9039
880|13|M|student|83702|-77.0555|38.9056
881|39|M|marketing|43017|-77.0169|38.9036
882|35|M|engineer|40503|-77.0633|38.9064
883|49|M|librarian|50266|-77.0351|38.9009
884|44|M|engineer|55337|-77.0401|38.9052
885|30|F|other|95316|-77.0101|38.9074
886|20|M|student|61820|-77.064|38.8917
887|14|F|student|27249|-77.0637|38.9032
888|41|M|scientist|17036|-77.043|38.8915
889|24|M|technician|78704|-77.0273|38.8942
890|32|M|student|97301|-77.0498|38.9048
891|51|F|administrator|03062|-77.0557|38.904
892|36|M|other|45243|-77.0003|38.8947
893|25|M|student|95823|-77.0495|38.8937
894|47|M|educator|74075|-77.0405|38.8954
895|31|F|librarian|32301|-77.0134|38.9081
896|28|M|writer|91505|-77.0191|38.9098
897|30|M|other|33484|-77.0383|38.9033
898|23|M|homemaker|61755|-77.0568|38.8972
899|32|M|other|55116|-77.0006|38.9019
900|60|M|retired|18505|-77.0283|38.901
901|38|M|executive|L1V3W|-77.0153|38.8933
902|45|F|artist|97203|-77.0551|38.9069
903|28|M|educator|20850|-77.0048|38.9088
904|17|F|student|61073|-77.0536|38.8983
905|27|M|other|30350|-77.0601|38.9058
906|45|M|librarian|70124|-77.0521|38.9001
907|25|F|other|80526|-77.0566|38.8916
908|44|F|librarian|68504|-77.0397|38.8953
909|50|F|educator|53171|-77.0093|38.8978
910|28|M|healthcare|29301|-77.0152|38.8917
911|37|F|writer|53210|-77.0362|38.9086
912|51|M|other|06512|-77.0367|38.9075
913|27|M|student|76201|-77.0452|38.8925
914|44|F|other|08105|-77.017|38.9064
915|50|M|entertainment|60614|-77.0196|38.8992
916|27|M|engineer|N2L5N|-77.0389|38.8965
917|22|F|student|20006|-77.0205|38.9063
918|40|M|scientist|70116|-77.0503|38.9041
919|25|M|other|14216|-77.0158|38.891
920|30|F|artist|90008|-77.0349|38.8991
921|20|F|student|98801|-77.0646|38.9084
922|29|F|administrator|21114|-77.0096|38.8988
923|21|M|student|E2E3R|-77.013|38.8906
924|29|M|other|11753|-77.0508|38.89
925|18|F|salesman|49036|-77.0451|38.8982
926|49|M|entertainment|01701|-77.0457|38.8934
927|23|M|programmer|55428|-77.0303|38.8975
928|21|M|student|55408|-77.0527|38.8948
929|44|M|scientist|53711|-77.0069|38.9094
930|28|F|scientist|07310|-77.0556|38.9012
931|60|M|educator|33556|-77.0092|38.8922
932|58|M|educator|06437|-77.019|38.8931
933|28|M|student|48105|-77.0099|38.8956
934|61|M|engineer|22902|-77.041|38.8926
935|42|M|doctor|66221|-77.0586|38.8995
936|24|M|other|32789|-77.0419|38.8906
937|48|M|educator|98072|-77.0317|38.8979
938|38|F|technician|55038|-77.0644|38.897
939|26|F|student|33319|-77.0094|38.8909
940|32|M|administrator|02215|-77.0017|38.89
941|20|M|student|97229|-77.0108|38.9052
942|48|F|librarian|78209|-77.0394|38.8941
943|22|M|student|77841|-77.0296|38.9031
