1|7|0.45
1|6|0.34
1|1|0.07
1|3|0.84
1|18381|0.17
1|4|0.32
1|2|0.49
2|7|0.89
2|6|0.94
2|1|0.27
2|3|0.46
2|18381|0.73
2|4|0.16
2|2|1.0
3|7|0.37
3|6|0.41
3|1|0.53
3|3|0.89
3|18381|0.55
3|4|0.65
3|2|0.4
4|7|0.26
4|6|0.52
4|1|0.04
4|3|0.36
4|18381|0.46
4|4|0.76
4|2|0.63
5|7|0.87
5|6|0.03
5|1|0.38
5|3|0.53
5|18381|0.53
5|4|0.38
5|2|0.51
6|7|0.66
6|6|0.68
6|1|0.07
6|3|0.07
6|18381|0.98
6|4|0.35
6|2|0.92
7|7|0.28
7|6|0.17
7|1|0.44
7|3|0.06
7|18381|0.85
7|4|0.82
7|2|0.23
8|7|0.69
8|6|0.71
8|1|0.89
8|3|0.64
8|18381|0.13
8|4|0.09
8|2|0.3
9|7|0.86
9|6|0.48
9|1|0.76
9|3|0.81
9|18381|0.37
9|4|0.95
9|2|0.61
10|7|0.64
10|6|0.16
10|1|0.36
10|3|0.18
10|18381|0.11
10|4|0.98
10|2|0.61
11|7|0.14
11|6|0.88
11|1|0.65
11|3|0.26
11|18381|0.5
11|4|0.18
11|2|0.88
12|7|0.9
12|6|0.94
12|1|0.68
12|3|0.42
12|18381|0.0
12|4|0.27
12|2|0.24
13|7|0.74
13|6|0.31
13|1|0.6
13|3|0.85
13|18381|0.56
13|4|0.88
13|2|0.31
14|7|0.51
14|6|0.32
14|1|0.24
14|3|0.56
14|18381|0.88
14|4|0.74
14|2|0.15
15|7|0.89
15|6|0.73
15|1|0.82
15|3|0.62
15|18381|0.87
15|4|0.27
15|2|0.42
16|7|0.31
16|6|0.26
16|1|0.92
16|3|0.45
16|18381|0.52
16|4|0.75
16|2|0.25
17|7|0.79
17|6|0.02
17|1|0.73
17|3|0.89
17|18381|0.65
17|4|0.48
17|2|0.94
18|7|0.25
18|6|0.12
18|1|0.0
18|3|0.2
18|18381|0.15
18|4|0.57
18|2|0.52
19|7|0.84
19|6|0.53
19|1|0.69
19|3|0.69
19|18381|0.48
19|4|0.2
19|2|0.1
20|7|0.19
20|6|0.62
20|1|0.7
20|3|0.19
20|18381|0.14
20|4|0.27
20|2|0.76
21|7|0.05
21|6|0.79
21|1|0.41
21|3|0.34
21|18381|0.5
21|4|0.77
21|2|0.0
22|7|0.01
22|6|0.24
22|1|0.92
22|3|0.88
22|18381|0.8
22|4|0.93
22|2|0.74
23|7|0.56
23|6|0.52
23|1|0.77
23|3|0.83
23|18381|0.61
23|4|0.01
23|2|0.18
24|7|0.9
24|6|0.33
24|1|0.33
24|3|0.43
24|18381|0.09
24|4|0.49
24|2|0.99
25|7|0.15
25|6|0.47
25|1|0.9
25|3|0.57
25|18381|1.0
25|4|0.44
25|2|0.25
26|7|0.31
26|6|0.29
26|1|0.95
26|3|0.38
26|18381|0.81
26|4|0.15
26|2|0.3
27|7|0.64
27|6|0.64
27|1|0.76
27|3|0.87
27|18381|0.02
27|4|0.63
27|2|0.22
28|7|0.61
28|6|0.05
28|1|0.07
28|3|0.12
28|18381|0.91
28|4|0.13
28|2|0.63
29|7|0.21
29|6|0.72
29|1|0.84
29|3|0.33
29|18381|0.84
29|4|0.5
29|2|0.1
30|7|0.52
30|6|0.01
30|1|0.57
30|3|0.4
30|18381|0.97
30|4|0.45
30|2|0.12
31|7|0.01
31|6|0.91
31|1|0.34
31|3|0.13
31|18381|0.61
31|4|0.2
31|2|0.79
32|7|0.71
32|6|0.36
32|1|0.88
32|3|0.32
32|18381|0.78
32|4|0.25
32|2|0.15
33|7|0.43
33|6|0.26
33|1|0.64
33|3|0.74
33|18381|0.08
33|4|0.4
33|2|0.82
34|7|0.14
34|6|0.63
34|1|0.12
34|3|0.25
34|18381|0.88
34|4|0.78
34|2|0.99
35|7|0.98
35|6|0.11
35|1|0.9
35|3|0.03
35|18381|0.25
35|4|0.98
35|2|0.71
36|7|0.1
36|6|0.45
36|1|0.5
36|3|0.02
36|18381|0.19
36|4|0.24
36|2|0.41
37|7|0.11
37|6|0.74
37|1|0.8
37|3|0.98
37|18381|0.19
37|4|0.06
37|2|0.47
38|7|0.26
38|6|0.53
38|1|0.31
38|3|0.27
38|18381|0.53
38|4|0.14
38|2|0.73
39|7|0.85
39|6|0.48
39|1|0.55
39|3|0.38
39|18381|0.64
39|4|0.75
39|2|0.88
40|7|0.67
40|6|0.32
40|1|0.16
40|3|0.69
40|18381|0.32
40|4|0.44
40|2|0.66
41|7|0.46
41|6|0.04
41|1|0.54
41|3|0.97
41|18381|0.21
41|4|0.89
41|2|0.51
42|7|0.2
42|6|0.89
42|1|0.38
42|3|0.37
42|18381|0.73
42|4|0.02
42|2|0.89
43|7|0.86
43|6|0.83
43|1|0.0
43|3|0.62
43|18381|1.0
43|4|0.89
43|2|0.4
44|7|0.82
44|6|0.97
44|1|0.2
44|3|0.75
44|18381|0.08
44|4|0.41
44|2|0.87
45|7|0.22
45|6|0.63
45|1|0.05
45|3|0.35
45|18381|0.91
45|4|0.18
45|2|0.34
46|7|0.97
46|6|0.37
46|1|0.36
46|3|0.79
46|18381|0.18
46|4|0.96
46|2|0.83
47|7|1.0
47|6|0.37
47|1|0.84
47|3|0.86
47|18381|0.71
47|4|0.75
47|2|0.45
48|7|0.82
48|6|0.62
48|1|0.17
48|3|0.72
48|18381|0.56
48|4|0.01
48|2|0.28
49|7|0.08
49|6|0.26
49|1|0.74
49|3|0.49
49|18381|0.81
49|4|0.14
49|2|0.29
50|7|0.16
50|6|0.12
50|1|0.04
50|3|0.89
50|18381|0.04
50|4|0.0
50|2|0.74
51|7|0.53
51|6|0.35
51|1|0.15
51|3|0.57
51|18381|0.64
51|4|0.63
51|2|0.78
52|7|0.17
52|6|0.96
52|1|0.99
52|3|0.6
52|18381|0.66
52|4|0.24
52|2|0.77
53|7|0.28
53|6|0.32
53|1|0.14
53|3|0.59
53|18381|0.47
53|4|0.25
53|2|0.87
54|7|0.04
54|6|0.25
54|1|0.59
54|3|0.24
54|18381|0.47
54|4|0.25
54|2|0.18
55|7|0.36
55|6|0.1
55|1|0.2
55|3|0.05
55|18381|0.28
55|4|0.77
55|2|0.17
56|7|0.06
56|6|0.67
56|1|0.49
56|3|0.41
56|18381|0.88
56|4|0.3
56|2|0.47
57|7|0.58
57|6|0.08
57|1|0.55
57|3|0.6
57|18381|0.61
57|4|0.43
57|2|0.47
58|7|0.32
58|6|0.51
58|1|0.0
58|3|0.96
58|18381|0.97
58|4|0.7
58|2|0.81
59|7|0.68
59|6|0.38
59|1|0.75
59|3|1.0
59|18381|0.93
59|4|0.91
59|2|0.32
60|7|0.6
60|6|0.42
60|1|0.16
60|3|0.13
60|18381|1.0
60|4|0.3
60|2|0.54
61|7|0.09
61|6|0.18
61|1|0.48
61|3|0.05
61|18381|0.86
61|4|0.62
61|2|0.06
62|7|0.03
62|6|0.43
62|1|0.51
62|3|0.12
62|18381|0.47
62|4|0.21
62|2|0.79
63|7|0.75
63|6|0.31
63|1|0.43
63|3|0.32
63|18381|0.16
63|4|0.4
63|2|0.17
64|7|0.56
64|6|0.96
64|1|0.02
64|3|0.66
64|18381|0.82
64|4|0.48
64|2|0.65
65|7|0.95
65|6|0.28
65|1|0.17
65|3|0.92
65|18381|0.92
65|4|0.08
65|2|0.1
66|7|0.34
66|6|0.59
66|1|0.29
66|3|0.28
66|18381|0.52
66|4|0.3
66|2|0.94
67|7|0.58
67|6|0.32
67|1|0.11
67|3|0.65
67|18381|0.4
67|4|0.83
67|2|0.44
68|7|0.65
68|6|0.31
68|1|0.05
68|3|0.75
68|18381|0.63
68|4|0.45
68|2|0.9
69|7|0.81
69|6|0.81
69|1|0.69
69|3|0.61
69|18381|0.41
69|4|0.26
69|2|0.64
70|7|0.35
70|6|0.25
70|1|0.49
70|3|0.62
70|18381|0.1
70|4|0.53
70|2|0.77
71|7|0.11
71|6|0.62
71|1|0.15
71|3|0.63
71|18381|0.39
71|4|0.83
71|2|0.97
72|7|0.4
72|6|0.56
72|1|0.31
72|3|0.5
72|18381|0.82
72|4|0.18
72|2|0.5
73|7|0.22
73|6|0.92
73|1|0.36
73|3|0.48
73|18381|0.56
73|4|0.77
73|2|0.64
74|7|0.87
74|6|0.11
74|1|0.81
74|3|0.93
74|18381|0.35
74|4|0.88
74|2|0.94
75|7|0.97
75|6|0.77
75|1|0.7
75|3|0.77
75|18381|0.93
75|4|0.34
75|2|0.21
76|7|0.47
76|6|0.72
76|1|0.47
76|3|0.65
76|18381|0.18
76|4|0.54
76|2|0.35
77|7|0.61
77|6|0.82
77|1|0.88
77|3|0.07
77|18381|0.86
77|4|0.71
77|2|0.61
78|7|0.1
78|6|0.57
78|1|0.36
78|3|0.34
78|18381|0.25
78|4|0.13
78|2|0.39
79|7|0.74
79|6|0.56
79|1|0.12
79|3|0.87
79|18381|0.04
79|4|0.07
79|2|0.21
80|7|0.51
80|6|0.71
80|1|0.11
80|3|0.48
80|18381|0.14
80|4|0.02
80|2|0.45
81|7|0.7
81|6|0.17
81|1|0.88
81|3|0.1
81|18381|0.71
81|4|0.61
81|2|0.04
82|7|0.97
82|6|0.2
82|1|0.85
82|3|0.84
82|18381|0.34
82|4|0.74
82|2|0.94
83|7|0.58
83|6|0.45
83|1|1.0
83|3|0.4
83|18381|0.48
83|4|0.94
83|2|0.81
84|7|0.26
84|6|0.65
84|1|0.07
84|3|0.35
84|18381|0.88
84|4|0.25
84|2|0.19
85|7|0.08
85|6|0.4
85|1|0.48
85|3|0.73
85|18381|0.52
85|4|0.82
85|2|0.35
86|7|0.53
86|6|0.97
86|1|0.83
86|3|0.27
86|18381|0.63
86|4|0.04
86|2|0.48
87|7|0.96
87|6|0.1
87|1|0.31
87|3|0.62
87|18381|0.28
87|4|0.59
87|2|0.33
88|7|0.46
88|6|0.62
88|1|0.67
88|3|0.89
88|18381|0.14
88|4|0.51
88|2|0.04
89|7|0.75
89|6|0.99
89|1|0.15
89|3|0.16
89|18381|0.95
89|4|0.76
89|2|0.71
90|7|0.49
90|6|0.51
90|1|0.65
90|3|0.84
90|18381|0.06
90|4|0.63
90|2|0.39
91|7|0.74
91|6|0.32
91|1|0.96
91|3|0.81
91|18381|0.52
91|4|0.49
91|2|0.4
92|7|0.02
92|6|0.5
92|1|0.63
92|3|0.11
92|18381|0.95
92|4|0.58
92|2|0.68
93|7|0.81
93|6|0.52
93|1|0.69
93|3|0.77
93|18381|0.85
93|4|0.31
93|2|0.58
94|7|0.69
94|6|0.04
94|1|0.03
94|3|0.83
94|18381|0.66
94|4|0.29
94|2|0.77
95|7|0.47
95|6|0.76
95|1|0.49
95|3|0.09
95|18381|0.53
95|4|0.95
95|2|0.55
96|7|0.56
96|6|0.52
96|1|0.74
96|3|0.1
96|18381|0.17
96|4|0.26
96|2|0.19
97|7|0.11
97|6|0.49
97|1|0.61
97|3|0.41
97|18381|0.33
97|4|0.02
97|2|0.23
98|7|0.89
98|6|0.48
98|1|0.14
98|3|0.54
98|18381|0.71
98|4|0.68
98|2|0.47
99|7|0.21
99|6|0.38
99|1|0.15
99|3|0.22
99|18381|0.83
99|4|0.13
99|2|0.22
100|7|0.88
100|6|0.45
100|1|0.16
100|3|0.84
100|18381|0.41
100|4|0.38
100|2|0.9
101|7|0.18
101|6|0.21
101|1|0.47
101|3|0.58
101|18381|0.46
101|4|0.13
101|2|0.68
102|7|0.73
102|6|0.46
102|1|0.49
102|3|0.26
102|18381|0.85
102|4|0.1
102|2|0.03
103|7|0.65
103|6|0.06
103|1|0.08
103|3|0.43
103|18381|0.74
103|4|0.95
103|2|0.76
104|7|0.41
104|6|0.09
104|1|0.6
104|3|0.05
104|18381|0.15
104|4|0.42
104|2|0.41
105|7|0.2
105|6|0.44
105|1|0.09
105|3|0.39
105|18381|0.26
105|4|0.34
105|2|0.47
106|7|0.6
106|6|0.59
106|1|0.91
106|3|0.87
106|18381|0.66
106|4|0.63
106|2|0.99
107|7|0.57
107|6|0.67
107|1|0.5
107|3|0.13
107|18381|0.95
107|4|0.22
107|2|0.54
108|7|0.54
108|6|0.11
108|1|0.35
108|3|0.19
108|18381|0.35
108|4|0.14
108|2|0.44
109|7|0.72
109|6|0.81
109|1|0.24
109|3|0.78
109|18381|0.03
109|4|0.12
109|2|0.76
110|7|0.31
110|6|0.05
110|1|0.62
110|3|0.18
110|18381|0.13
110|4|0.46
110|2|0.74
111|7|0.92
111|6|0.66
111|1|0.58
111|3|0.24
111|18381|0.75
111|4|0.76
111|2|0.2
112|7|0.59
112|6|0.96
112|1|0.97
112|3|0.2
112|18381|0.89
112|4|0.66
112|2|0.9
113|7|0.63
113|6|0.81
113|1|0.3
113|3|0.17
113|18381|0.97
113|4|0.85
113|2|0.71
114|7|0.11
114|6|0.85
114|1|0.74
114|3|0.9
114|18381|0.4
114|4|0.78
114|2|0.97
115|7|0.92
115|6|0.74
115|1|0.12
115|3|0.85
115|18381|0.12
115|4|0.8
115|2|0.16
116|7|0.96
116|6|0.96
116|1|0.76
116|3|0.5
116|18381|0.55
116|4|0.89
116|2|0.25
117|7|0.59
117|6|0.87
117|1|0.13
117|3|0.67
117|18381|0.71
117|4|0.21
117|2|0.23
118|7|0.73
118|6|0.9
118|1|0.62
118|3|0.03
118|18381|0.71
118|4|0.86
118|2|0.06
119|7|0.44
119|6|0.25
119|1|0.6
119|3|0.39
119|18381|0.35
119|4|0.56
119|2|0.29
120|7|0.56
120|6|0.12
120|1|0.63
120|3|0.27
120|18381|0.98
120|4|0.65
120|2|0.44
121|7|0.18
121|6|0.12
121|1|0.05
121|3|1.0
121|18381|0.62
121|4|0.92
121|2|0.45
122|7|0.71
122|6|0.03
122|1|0.48
122|3|0.9
122|18381|0.24
122|4|0.99
122|2|0.07
123|7|0.07
123|6|0.05
123|1|0.67
123|3|0.98
123|18381|0.16
123|4|0.4
123|2|0.66
124|7|0.08
124|6|0.63
124|1|0.35
124|3|0.83
124|18381|0.86
124|4|0.08
124|2|0.86
125|7|0.62
125|6|0.3
125|1|0.18
125|3|0.51
125|18381|0.33
125|4|0.08
125|2|0.86
126|7|0.22
126|6|0.17
126|1|0.17
126|3|0.78
126|18381|0.54
126|4|0.71
126|2|0.45
127|7|0.53
127|6|0.04
127|1|0.47
127|3|0.52
127|18381|0.78
127|4|0.98
127|2|0.88
128|7|0.99
128|6|0.2
128|1|0.03
128|3|0.33
128|18381|0.43
128|4|0.63
128|2|0.07
129|7|0.89
129|6|0.87
129|1|0.59
129|3|0.88
129|18381|0.5
129|4|0.19
129|2|0.44
130|7|0.57
130|6|0.62
130|1|0.7
130|3|0.19
130|18381|0.69
130|4|0.19
130|2|0.85
131|7|0.56
131|6|0.51
131|1|0.22
131|3|0.34
131|18381|0.85
131|4|0.39
131|2|0.93
132|7|0.22
132|6|0.12
132|1|0.11
132|3|0.5
132|18381|0.34
132|4|0.48
132|2|0.15
133|7|0.93
133|6|0.64
133|1|0.52
133|3|0.84
133|18381|0.22
133|4|0.16
133|2|0.1
134|7|0.92
134|6|0.95
134|1|0.9
134|3|0.51
134|18381|0.26
134|4|0.37
134|2|0.89
135|7|0.0
135|6|0.24
135|1|0.55
135|3|0.71
135|18381|0.63
135|4|0.16
135|2|0.4
136|7|0.22
136|6|0.58
136|1|0.24
136|3|0.81
136|18381|0.86
136|4|0.26
136|2|0.02
137|7|0.8
137|6|0.69
137|1|0.7
137|3|0.65
137|18381|0.39
137|4|0.14
137|2|0.65
138|7|0.68
138|6|0.36
138|1|0.45
138|3|0.78
138|18381|0.75
138|4|0.95
138|2|0.12
139|7|0.91
139|6|0.93
139|1|0.29
139|3|0.73
139|18381|0.86
139|4|0.33
139|2|0.96
140|7|0.75
140|6|0.73
140|1|0.07
140|3|0.88
140|18381|0.75
140|4|0.71
140|2|0.67
141|7|0.07
141|6|0.81
141|1|0.42
141|3|0.93
141|18381|0.7
141|4|0.72
141|2|0.32
142|7|0.23
142|6|0.13
142|1|0.74
142|3|0.7
142|18381|0.82
142|4|1.0
142|2|0.54
143|7|0.06
143|6|0.66
143|1|0.75
143|3|0.23
143|18381|0.35
143|4|0.53
143|2|0.28
144|7|0.34
144|6|0.6
144|1|0.57
144|3|0.99
144|18381|0.46
144|4|0.86
144|2|0.65
145|7|0.08
145|6|0.99
145|1|0.02
145|3|0.45
145|18381|0.76
145|4|0.64
145|2|0.26
146|7|0.83
146|6|0.76
146|1|0.55
146|3|0.9
146|18381|0.19
146|4|0.08
146|2|0.8
147|7|0.76
147|6|0.38
147|1|0.54
147|3|0.53
147|18381|0.11
147|4|0.28
147|2|0.24
148|7|0.59
148|6|0.76
148|1|0.39
148|3|0.52
148|18381|0.29
148|4|0.5
148|2|0.3
149|7|0.39
149|6|0.99
149|1|0.32
149|3|0.15
149|18381|0.26
149|4|0.28
149|2|0.93
150|7|0.82
150|6|0.95
150|1|0.28
150|3|0.87
150|18381|0.88
150|4|0.66
150|2|0.81
151|7|0.14
151|6|0.5
151|1|0.03
151|3|0.54
151|18381|0.15
151|4|0.75
151|2|0.14
152|7|0.24
152|6|0.02
152|1|0.5
152|3|0.18
152|18381|0.37
152|4|0.13
152|2|0.58
153|7|0.08
153|6|0.86
153|1|0.17
153|3|0.78
153|18381|0.26
153|4|0.15
153|2|0.29
154|7|0.19
154|6|0.88
154|1|0.34
154|3|0.83
154|18381|0.49
154|4|0.02
154|2|0.36
155|7|0.18
155|6|0.31
155|1|0.5
155|3|0.61
155|18381|0.28
155|4|0.06
155|2|0.6
156|7|0.95
156|6|0.48
156|1|0.67
156|3|0.42
156|18381|0.75
156|4|0.18
156|2|0.99
157|7|0.1
157|6|0.55
157|1|0.36
157|3|0.2
157|18381|0.21
157|4|0.42
157|2|0.33
158|7|0.83
158|6|0.55
158|1|0.74
158|3|0.21
158|18381|0.36
158|4|0.26
158|2|0.83
159|7|0.62
159|6|0.63
159|1|0.94
159|3|0.44
159|18381|0.26
159|4|0.22
159|2|0.71
160|7|0.34
160|6|0.29
160|1|0.55
160|3|0.36
160|18381|0.29
160|4|0.01
160|2|0.49
161|7|0.21
161|6|0.98
161|1|0.25
161|3|0.6
161|18381|0.75
161|4|0.67
161|2|0.54
162|7|0.18
162|6|0.72
162|1|0.08
162|3|0.33
162|18381|0.81
162|4|0.58
162|2|0.46
163|7|0.98
163|6|0.16
163|1|0.2
163|3|0.1
163|18381|0.58
163|4|0.23
163|2|0.49
164|7|0.03
164|6|0.35
164|1|0.23
164|3|0.56
164|18381|0.46
164|4|0.8
164|2|0.73
165|7|0.93
165|6|0.21
165|1|0.6
165|3|0.95
165|18381|0.15
165|4|0.44
165|2|0.5
166|7|0.8
166|6|0.5
166|1|0.12
166|3|0.29
166|18381|0.48
166|4|0.27
166|2|0.21
167|7|0.69
167|6|0.85
167|1|0.54
167|3|0.27
167|18381|0.05
167|4|0.17
167|2|0.31
168|7|0.5
168|6|0.09
168|1|0.3
168|3|0.07
168|18381|0.93
168|4|0.08
168|2|0.94
169|7|0.41
169|6|0.86
169|1|0.64
169|3|0.44
169|18381|0.3
169|4|0.15
169|2|0.9
170|7|0.65
170|6|0.85
170|1|0.25
170|3|0.44
170|18381|0.87
170|4|0.83
170|2|0.07
171|7|0.33
171|6|0.31
171|1|0.74
171|3|0.12
171|18381|0.17
171|4|0.51
171|2|0.07
172|7|0.37
172|6|0.84
172|1|0.6
172|3|0.93
172|18381|0.84
172|4|0.07
172|2|0.38
173|7|0.83
173|6|0.58
173|1|0.02
173|3|0.05
173|18381|0.16
173|4|0.78
173|2|0.51
174|7|0.1
174|6|0.89
174|1|0.59
174|3|0.49
174|18381|0.42
174|4|0.54
174|2|0.02
175|7|0.84
175|6|0.6
175|1|0.62
175|3|0.97
175|18381|0.95
175|4|0.52
175|2|0.94
176|7|0.21
176|6|0.81
176|1|0.19
176|3|0.9
176|18381|0.76
176|4|0.69
176|2|0.54
177|7|0.43
177|6|0.25
177|1|0.38
177|3|0.54
177|18381|0.97
177|4|0.57
177|2|0.26
178|7|0.03
178|6|0.48
178|1|0.71
178|3|0.58
178|18381|0.51
178|4|0.04
178|2|0.95
179|7|0.13
179|6|0.73
179|1|0.61
179|3|0.45
179|18381|0.61
179|4|0.12
179|2|0.29
180|7|0.5
180|6|0.24
180|1|0.38
180|3|0.34
180|18381|0.37
180|4|0.48
180|2|0.84
181|7|0.04
181|6|0.28
181|1|0.18
181|3|0.68
181|18381|0.12
181|4|0.53
181|2|0.47
182|7|0.8
182|6|0.02
182|1|0.13
182|3|0.99
182|18381|0.36
182|4|0.65
182|2|0.45
183|7|0.89
183|6|0.73
183|1|0.73
183|3|0.53
183|18381|0.58
183|4|0.0
183|2|0.56
184|7|0.33
184|6|0.29
184|1|0.13
184|3|0.62
184|18381|0.64
184|4|0.5
184|2|0.4
185|7|0.73
185|6|0.96
185|1|0.58
185|3|0.62
185|18381|0.5
185|4|0.49
185|2|0.54
186|7|0.75
186|6|0.28
186|1|0.43
186|3|0.75
186|18381|0.96
186|4|0.79
186|2|0.5
187|7|0.42
187|6|0.4
187|1|0.49
187|3|0.3
187|18381|0.19
187|4|0.39
187|2|0.55
188|7|0.32
188|6|0.98
188|1|0.46
188|3|0.9
188|18381|0.34
188|4|0.73
188|2|0.51
189|7|0.04
189|6|0.67
189|1|0.52
189|3|0.24
189|18381|0.46
189|4|0.39
189|2|0.11
190|7|0.22
190|6|0.62
190|1|0.42
190|3|0.48
190|18381|0.73
190|4|0.55
190|2|0.84
191|7|0.22
191|6|0.39
191|1|0.88
191|3|0.47
191|18381|0.6
191|4|0.13
191|2|0.24
192|7|0.6
192|6|0.34
192|1|0.38
192|3|0.98
192|18381|0.65
192|4|0.14
192|2|0.37
193|7|0.76
193|6|0.78
193|1|0.88
193|3|0.55
193|18381|0.77
193|4|0.86
193|2|0.26
194|7|0.82
194|6|0.24
194|1|0.16
194|3|0.97
194|18381|0.95
194|4|0.04
194|2|0.65
195|7|0.74
195|6|0.92
195|1|0.23
195|3|0.47
195|18381|0.8
195|4|0.43
195|2|0.75
196|7|0.72
196|6|0.58
196|1|0.27
196|3|0.12
196|18381|0.53
196|4|0.62
196|2|0.26
197|7|0.71
197|6|0.25
197|1|0.45
197|3|0.31
197|18381|0.62
197|4|0.98
197|2|0.21
198|7|0.93
198|6|0.05
198|1|0.32
198|3|0.14
198|18381|0.69
198|4|0.43
198|2|0.96
199|7|0.19
199|6|0.87
199|1|0.35
199|3|0.32
199|18381|0.66
199|4|0.01
199|2|0.79
200|7|0.83
200|6|0.44
200|1|0.62
200|3|0.08
200|18381|1.0
200|4|0.17
200|2|0.75
201|7|0.88
201|6|0.8
201|1|0.08
201|3|0.41
201|18381|0.86
201|4|0.5
201|2|0.03
202|7|0.94
202|6|0.14
202|1|0.78
202|3|0.21
202|18381|0.23
202|4|0.7
202|2|0.75
203|7|0.94
203|6|0.88
203|1|0.04
203|3|0.62
203|18381|0.85
203|4|0.83
203|2|0.52
204|7|0.56
204|6|0.4
204|1|0.32
204|3|0.7
204|18381|0.7
204|4|0.35
204|2|0.37
205|7|0.1
205|6|0.0
205|1|0.94
205|3|0.69
205|18381|0.21
205|4|0.14
205|2|0.19
206|7|0.36
206|6|0.28
206|1|0.51
206|3|0.44
206|18381|0.08
206|4|0.38
206|2|0.93
207|7|0.51
207|6|0.9
207|1|0.93
207|3|0.62
207|18381|0.79
207|4|0.63
207|2|0.48
208|7|0.07
208|6|0.48
208|1|0.21
208|3|0.51
208|18381|0.53
208|4|0.19
208|2|0.44
209|7|0.64
209|6|0.69
209|1|0.17
209|3|0.77
209|18381|0.25
209|4|0.58
209|2|0.05
210|7|0.79
210|6|0.08
210|1|0.43
210|3|0.02
210|18381|0.75
210|4|0.24
210|2|0.16
211|7|0.1
211|6|0.27
211|1|0.52
211|3|0.6
211|18381|0.48
211|4|0.41
211|2|0.02
212|7|0.85
212|6|0.32
212|1|0.5
212|3|0.18
212|18381|0.26
212|4|0.8
212|2|0.88
213|7|0.1
213|6|0.23
213|1|0.87
213|3|0.99
213|18381|0.16
213|4|0.5
213|2|0.65
214|7|0.6
214|6|0.83
214|1|0.78
214|3|0.42
214|18381|0.11
214|4|0.18
214|2|0.6
215|7|0.81
215|6|0.69
215|1|0.19
215|3|0.84
215|18381|0.96
215|4|0.67
215|2|0.91
216|7|0.16
216|6|0.78
216|1|0.38
216|3|0.09
216|18381|0.43
216|4|0.19
216|2|0.8
217|7|0.02
217|6|0.7
217|1|0.09
217|3|0.84
217|18381|0.22
217|4|0.48
217|2|0.67
218|7|0.98
218|6|0.88
218|1|0.47
218|3|0.78
218|18381|0.67
218|4|0.4
218|2|0.16
219|7|0.77
219|6|0.43
219|1|0.8
219|3|0.35
219|18381|0.99
219|4|0.64
219|2|0.55
220|7|0.94
220|6|0.9
220|1|0.34
220|3|0.23
220|18381|0.58
220|4|0.4
220|2|0.9
221|7|0.26
221|6|0.2
221|1|0.14
221|3|0.23
221|18381|0.13
221|4|0.14
221|2|0.31
222|7|0.9
222|6|0.39
222|1|0.44
222|3|0.81
222|18381|0.76
222|4|0.05
222|2|0.86
223|7|0.1
223|6|0.86
223|1|0.96
223|3|0.33
223|18381|0.42
223|4|0.82
223|2|0.83
224|7|0.57
224|6|0.92
224|1|0.85
224|3|0.05
224|18381|0.5
224|4|0.96
224|2|0.76
225|7|0.82
225|6|0.88
225|1|0.88
225|3|0.24
225|18381|0.46
225|4|0.45
225|2|0.58
226|7|0.98
226|6|0.12
226|1|0.29
226|3|0.49
226|18381|0.17
226|4|0.95
226|2|0.65
227|7|0.04
227|6|1.0
227|1|0.28
227|3|0.55
227|18381|0.39
227|4|0.08
227|2|0.95
228|7|0.22
228|6|0.57
228|1|0.84
228|3|0.92
228|18381|0.96
228|4|0.47
228|2|0.85
229|7|0.47
229|6|0.42
229|1|0.29
229|3|0.68
229|18381|0.84
229|4|0.4
229|2|0.41
230|7|0.69
230|6|0.01
230|1|0.13
230|3|0.85
230|18381|0.55
230|4|0.93
230|2|0.83
231|7|0.38
231|6|0.83
231|1|0.47
231|3|0.82
231|18381|0.96
231|4|0.09
231|2|0.93
232|7|0.15
232|6|0.86
232|1|0.92
232|3|0.55
232|18381|0.3
232|4|0.29
232|2|0.69
233|7|0.62
233|6|0.8
233|1|0.32
233|3|0.51
233|18381|0.72
233|4|0.36
233|2|0.86
234|7|0.03
234|6|0.62
234|1|0.14
234|3|0.47
234|18381|0.53
234|4|0.01
234|2|0.49
235|7|0.26
235|6|0.54
235|1|0.33
235|3|0.06
235|18381|0.66
235|4|0.89
235|2|0.02
236|7|0.21
236|6|0.6
236|1|0.25
236|3|0.18
236|18381|0.49
236|4|0.15
236|2|0.84
237|7|0.5
237|6|0.38
237|1|0.95
237|3|0.23
237|18381|0.4
237|4|0.43
237|2|0.15
238|7|0.02
238|6|0.66
238|1|0.44
238|3|0.65
238|18381|0.87
238|4|0.04
238|2|0.68
239|7|0.51
239|6|0.73
239|1|0.89
239|3|0.54
239|18381|0.44
239|4|0.52
239|2|0.29
240|7|0.91
240|6|0.05
240|1|0.49
240|3|0.47
240|18381|0.64
240|4|0.25
240|2|0.8
241|7|0.7
241|6|0.31
241|1|0.74
241|3|0.77
241|18381|0.61
241|4|0.58
241|2|0.99
242|7|0.88
242|6|0.41
242|1|0.41
242|3|0.27
242|18381|0.49
242|4|0.67
242|2|0.44
243|7|0.04
243|6|0.39
243|1|0.66
243|3|0.01
243|18381|0.46
243|4|0.71
243|2|0.11
244|7|1.0
244|6|0.51
244|1|0.24
244|3|0.06
244|18381|0.81
244|4|0.42
244|2|0.16
245|7|0.73
245|6|0.58
245|1|0.79
245|3|0.24
245|18381|0.6
245|4|0.73
245|2|0.08
246|7|0.09
246|6|0.6
246|1|0.54
246|3|0.06
246|18381|0.26
246|4|0.99
246|2|0.13
247|7|0.5
247|6|0.16
247|1|0.46
247|3|0.86
247|18381|0.73
247|4|0.81
247|2|0.69
248|7|0.76
248|6|0.24
248|1|0.58
248|3|0.15
248|18381|0.6
248|4|0.58
248|2|0.94
249|7|0.99
249|6|0.1
249|1|0.91
249|3|0.85
249|18381|0.94
249|4|0.74
249|2|0.06
250|7|0.45
250|6|0.99
250|1|0.93
250|3|0.95
250|18381|0.46
250|4|0.05
250|2|0.44
251|7|0.74
251|6|0.96
251|1|0.94
251|3|0.2
251|18381|0.53
251|4|0.27
251|2|0.82
252|7|0.36
252|6|0.25
252|1|0.25
252|3|0.02
252|18381|0.8
252|4|0.49
252|2|0.95
253|7|0.43
253|6|0.63
253|1|0.22
253|3|0.93
253|18381|0.38
253|4|0.43
253|2|0.47
254|7|0.2
254|6|0.79
254|1|0.1
254|3|0.28
254|18381|0.89
254|4|0.81
254|2|0.26
255|7|0.41
255|6|0.26
255|1|0.1
255|3|0.13
255|18381|0.91
255|4|0.25
255|2|0.68
256|7|0.29
256|6|0.92
256|1|0.52
256|3|0.77
256|18381|0.4
256|4|0.92
256|2|0.15
257|7|0.08
257|6|0.06
257|1|0.65
257|3|0.31
257|18381|0.32
257|4|0.92
257|2|0.74
258|7|0.66
258|6|0.91
258|1|0.87
258|3|0.44
258|18381|0.03
258|4|0.76
258|2|0.12
259|7|0.07
259|6|0.65
259|1|0.47
259|3|0.18
259|18381|0.56
259|4|1.0
259|2|0.12
260|7|0.81
260|6|0.5
260|1|0.19
260|3|0.69
260|18381|0.8
260|4|0.56
260|2|0.54
261|7|0.08
261|6|0.62
261|1|0.05
261|3|0.01
261|18381|0.36
261|4|0.46
261|2|0.73
262|7|0.14
262|6|0.99
262|1|0.08
262|3|0.82
262|18381|0.08
262|4|0.21
262|2|0.95
263|7|0.7
263|6|0.96
263|1|0.14
263|3|0.0
263|18381|0.21
263|4|0.0
263|2|0.09
264|7|0.1
264|6|0.99
264|1|0.75
264|3|0.29
264|18381|0.4
264|4|0.52
264|2|0.03
265|7|0.17
265|6|0.51
265|1|0.28
265|3|0.75
265|18381|0.83
265|4|0.46
265|2|0.51
266|7|0.5
266|6|0.66
266|1|0.35
266|3|0.09
266|18381|0.1
266|4|0.86
266|2|0.28
267|7|0.75
267|6|0.15
267|1|0.79
267|3|0.36
267|18381|0.5
267|4|0.89
267|2|0.41
268|7|0.59
268|6|0.1
268|1|0.55
268|3|0.42
268|18381|0.7
268|4|0.65
268|2|0.54
269|7|0.43
269|6|0.03
269|1|1.0
269|3|0.73
269|18381|0.89
269|4|0.76
269|2|0.0
270|7|0.49
270|6|0.51
270|1|0.42
270|3|0.4
270|18381|0.38
270|4|0.35
270|2|0.92
271|7|0.08
271|6|0.14
271|1|0.44
271|3|0.5
271|18381|0.23
271|4|0.27
271|2|0.44
272|7|0.87
272|6|0.26
272|1|0.47
272|3|0.57
272|18381|0.37
272|4|0.43
272|2|0.1
273|7|0.8
273|6|0.38
273|1|0.55
273|3|0.34
273|18381|0.45
273|4|0.17
273|2|0.52
274|7|0.72
274|6|0.47
274|1|0.25
274|3|0.58
274|18381|0.15
274|4|0.41
274|2|0.28
275|7|0.93
275|6|0.25
275|1|0.26
275|3|0.07
275|18381|0.18
275|4|0.84
275|2|0.89
276|7|0.52
276|6|0.65
276|1|0.89
276|3|0.23
276|18381|0.72
276|4|0.1
276|2|0.51
277|7|0.8
277|6|0.06
277|1|0.34
277|3|0.32
277|18381|0.98
277|4|0.06
277|2|0.56
278|7|0.77
278|6|0.27
278|1|0.59
278|3|0.53
278|18381|0.08
278|4|0.17
278|2|0.61
279|7|0.13
279|6|0.95
279|1|0.03
279|3|0.65
279|18381|0.07
279|4|0.14
279|2|0.71
280|7|0.61
280|6|0.96
280|1|0.44
280|3|0.75
280|18381|0.47
280|4|0.87
280|2|0.51
281|7|0.32
281|6|0.81
281|1|0.6
281|3|0.79
281|18381|0.78
281|4|0.53
281|2|0.99
282|7|0.43
282|6|0.68
282|1|0.7
282|3|0.5
282|18381|0.87
282|4|0.64
282|2|0.69
283|7|0.6
283|6|0.05
283|1|0.24
283|3|0.76
283|18381|0.32
283|4|0.65
283|2|0.66
284|7|0.62
284|6|0.29
284|1|0.57
284|3|0.35
284|18381|0.31
284|4|0.97
284|2|0.86
285|7|0.63
285|6|0.82
285|1|0.95
285|3|0.32
285|18381|0.07
285|4|0.0
285|2|0.29
286|7|0.28
286|6|0.01
286|1|0.09
286|3|0.42
286|18381|0.57
286|4|0.45
286|2|0.25
287|7|0.73
287|6|0.52
287|1|0.82
287|3|0.37
287|18381|0.44
287|4|0.87
287|2|0.87
288|7|0.75
288|6|0.19
288|1|0.26
288|3|0.8
288|18381|0.94
288|4|0.93
288|2|0.32
289|7|0.23
289|6|0.03
289|1|0.2
289|3|0.32
289|18381|0.79
289|4|0.27
289|2|0.61
290|7|0.78
290|6|0.86
290|1|0.91
290|3|0.63
290|18381|0.79
290|4|0.25
290|2|0.83
291|7|0.88
291|6|0.85
291|1|0.52
291|3|0.73
291|18381|0.11
291|4|0.28
291|2|0.76
292|7|0.52
292|6|0.09
292|1|0.9
292|3|0.7
292|18381|0.27
292|4|0.99
292|2|0.78
293|7|0.11
293|6|0.65
293|1|0.41
293|3|0.11
293|18381|0.69
293|4|0.72
293|2|0.8
294|7|0.55
294|6|0.9
294|1|0.5
294|3|0.33
294|18381|0.25
294|4|0.19
294|2|0.18
295|7|0.06
295|6|0.25
295|1|0.74
295|3|0.57
295|18381|0.58
295|4|0.68
295|2|0.08
296|7|0.27
296|6|0.34
296|1|0.51
296|3|0.73
296|18381|0.26
296|4|0.86
296|2|0.51
297|7|0.77
297|6|0.14
297|1|0.39
297|3|0.79
297|18381|0.71
297|4|0.75
297|2|0.39
298|7|0.22
298|6|0.65
298|1|0.97
298|3|0.1
298|18381|0.77
298|4|0.76
298|2|0.43
299|7|0.39
299|6|0.93
299|1|0.36
299|3|0.44
299|18381|0.01
299|4|0.3
299|2|0.58
300|7|0.08
300|6|0.19
300|1|0.38
300|3|0.17
300|18381|0.3
300|4|0.14
300|2|0.69
301|7|0.1
301|6|0.4
301|1|0.61
301|3|0.99
301|18381|0.13
301|4|0.14
301|2|0.8
302|7|0.76
302|6|0.01
302|1|0.2
302|3|0.81
302|18381|0.31
302|4|0.03
302|2|0.87
303|7|0.76
303|6|0.67
303|1|0.28
303|3|0.82
303|18381|0.2
303|4|0.5
303|2|0.39
304|7|0.74
304|6|0.52
304|1|0.87
304|3|0.54
304|18381|0.13
304|4|0.7
304|2|0.74
305|7|0.88
305|6|0.29
305|1|0.69
305|3|0.84
305|18381|0.64
305|4|0.84
305|2|0.07
306|7|0.4
306|6|0.96
306|1|0.79
306|3|0.19
306|18381|0.91
306|4|0.21
306|2|0.29
307|7|0.45
307|6|0.87
307|1|0.35
307|3|0.18
307|18381|0.06
307|4|0.73
307|2|0.04
308|7|0.62
308|6|0.43
308|1|0.52
308|3|0.22
308|18381|0.96
308|4|0.82
308|2|0.77
309|7|0.15
309|6|0.49
309|1|0.36
309|3|0.93
309|18381|0.03
309|4|0.08
309|2|0.23
310|7|0.01
310|6|0.99
310|1|0.57
310|3|0.8
310|18381|0.79
310|4|0.78
310|2|0.35
311|7|0.94
311|6|0.03
311|1|0.13
311|3|0.87
311|18381|1.0
311|4|0.12
311|2|0.65
312|7|0.48
312|6|0.28
312|1|0.88
312|3|0.19
312|18381|0.91
312|4|0.74
312|2|0.25
313|7|0.0
313|6|0.48
313|1|0.4
313|3|0.39
313|18381|0.06
313|4|0.89
313|2|0.31
314|7|0.63
314|6|0.35
314|1|0.45
314|3|0.11
314|18381|0.78
314|4|0.72
314|2|0.21
315|7|0.98
315|6|0.06
315|1|0.46
315|3|0.03
315|18381|0.19
315|4|0.02
315|2|0.27
316|7|0.3
316|6|0.27
316|1|0.61
316|3|0.99
316|18381|0.44
316|4|0.68
316|2|0.95
317|7|0.67
317|6|0.5
317|1|0.44
317|3|0.94
317|18381|0.35
317|4|0.68
317|2|0.97
318|7|0.47
318|6|0.67
318|1|0.41
318|3|0.36
318|18381|0.59
318|4|0.98
318|2|0.16
319|7|0.06
319|6|0.8
319|1|0.72
319|3|0.71
319|18381|0.78
319|4|0.86
319|2|0.51
320|7|0.98
320|6|0.39
320|1|0.77
320|3|0.65
320|18381|0.03
320|4|0.45
320|2|0.01
321|7|0.58
321|6|0.15
321|1|0.62
321|3|0.66
321|18381|0.05
321|4|0.03
321|2|0.71
322|7|0.8
322|6|0.48
322|1|0.49
322|3|0.91
322|18381|0.48
322|4|0.07
322|2|0.1
323|7|0.53
323|6|0.19
323|1|0.82
323|3|0.64
323|18381|0.72
323|4|0.4
323|2|0.19
324|7|0.23
324|6|0.37
324|1|0.41
324|3|0.75
324|18381|0.88
324|4|0.77
324|2|0.26
325|7|0.19
325|6|0.31
325|1|0.76
325|3|0.73
325|18381|0.26
325|4|0.61
325|2|0.41
326|7|1.0
326|6|0.88
326|1|0.26
326|3|0.25
326|18381|0.89
326|4|0.25
326|2|0.64
327|7|0.91
327|6|0.45
327|1|0.94
327|3|0.81
327|18381|0.58
327|4|0.65
327|2|0.64
328|7|0.19
328|6|0.08
328|1|0.4
328|3|0.0
328|18381|0.04
328|4|0.73
328|2|0.08
329|7|0.7
329|6|0.99
329|1|0.53
329|3|0.03
329|18381|0.61
329|4|0.24
329|2|0.67
330|7|0.4
330|6|0.32
330|1|0.58
330|3|0.71
330|18381|0.09
330|4|0.99
330|2|0.09
331|7|1.0
331|6|0.66
331|1|0.37
331|3|0.42
331|18381|0.04
331|4|0.42
331|2|0.93
332|7|0.68
332|6|0.84
332|1|0.44
332|3|0.92
332|18381|0.72
332|4|0.98
332|2|0.38
333|7|0.06
333|6|0.19
333|1|0.68
333|3|0.97
333|18381|0.65
333|4|0.37
333|2|0.5
334|7|0.82
334|6|0.51
334|1|0.79
334|3|0.97
334|18381|0.67
334|4|0.63
334|2|0.74
335|7|0.82
335|6|0.78
335|1|0.11
335|3|0.24
335|18381|0.13
335|4|0.28
335|2|0.65
336|7|0.15
336|6|0.35
336|1|0.2
336|3|0.57
336|18381|1.0
336|4|0.87
336|2|0.58
337|7|0.52
337|6|0.39
337|1|0.1
337|3|0.69
337|18381|0.39
337|4|0.9
337|2|0.21
338|7|0.47
338|6|0.48
338|1|0.33
338|3|0.76
338|18381|0.98
338|4|0.62
338|2|0.95
339|7|0.5
339|6|0.95
339|1|0.07
339|3|0.02
339|18381|0.5
339|4|0.41
339|2|0.14
340|7|0.29
340|6|0.08
340|1|0.07
340|3|0.06
340|18381|0.25
340|4|0.44
340|2|0.24
341|7|0.34
341|6|0.65
341|1|0.19
341|3|0.79
341|18381|0.62
341|4|0.92
341|2|0.58
342|7|0.78
342|6|0.33
342|1|0.03
342|3|0.39
342|18381|0.64
342|4|0.47
342|2|0.65
343|7|0.29
343|6|0.38
343|1|0.63
343|3|0.93
343|18381|0.59
343|4|0.3
343|2|0.4
344|7|1.0
344|6|0.78
344|1|0.85
344|3|0.29
344|18381|0.46
344|4|0.64
344|2|0.6
345|7|0.45
345|6|0.2
345|1|0.06
345|3|0.32
345|18381|0.3
345|4|0.43
345|2|0.09
346|7|0.14
346|6|0.14
346|1|0.44
346|3|0.79
346|18381|0.29
346|4|0.66
346|2|0.34
347|7|0.99
347|6|0.32
347|1|0.11
347|3|0.2
347|18381|0.06
347|4|0.62
347|2|0.99
348|7|0.65
348|6|0.46
348|1|0.25
348|3|0.01
348|18381|0.42
348|4|0.42
348|2|0.11
349|7|0.26
349|6|0.01
349|1|0.17
349|3|0.4
349|18381|0.05
349|4|0.46
349|2|0.73
350|7|0.65
350|6|0.81
350|1|0.43
350|3|0.43
350|18381|0.22
350|4|0.64
350|2|0.79
351|7|0.5
351|6|0.64
351|1|0.1
351|3|0.34
351|18381|0.63
351|4|0.34
351|2|0.08
352|7|0.27
352|6|0.93
352|1|0.67
352|3|0.63
352|18381|0.92
352|4|0.04
352|2|0.37
353|7|0.33
353|6|0.5
353|1|0.25
353|3|0.62
353|18381|0.25
353|4|0.2
353|2|0.46
354|7|0.32
354|6|0.8
354|1|0.37
354|3|0.66
354|18381|0.47
354|4|0.69
354|2|0.1
355|7|0.73
355|6|0.54
355|1|0.4
355|3|0.87
355|18381|0.05
355|4|0.76
355|2|0.14
356|7|0.38
356|6|0.04
356|1|0.89
356|3|0.54
356|18381|0.99
356|4|0.73
356|2|0.23
357|7|0.29
357|6|0.24
357|1|0.74
357|3|0.12
357|18381|0.62
357|4|0.04
357|2|0.3
358|7|0.85
358|6|0.15
358|1|0.7
358|3|0.52
358|18381|0.75
358|4|0.92
358|2|0.99
359|7|0.38
359|6|0.02
359|1|0.22
359|3|0.23
359|18381|0.99
359|4|0.16
359|2|0.63
360|7|0.14
360|6|0.98
360|1|0.24
360|3|0.91
360|18381|0.99
360|4|0.66
360|2|0.54
361|7|0.49
361|6|0.45
361|1|0.21
361|3|0.69
361|18381|0.04
361|4|0.63
361|2|0.6
362|7|0.95
362|6|0.63
362|1|0.95
362|3|0.73
362|18381|0.12
362|4|0.61
362|2|0.04
363|7|0.28
363|6|0.72
363|1|0.37
363|3|0.85
363|18381|0.78
363|4|0.35
363|2|0.16
364|7|0.35
364|6|0.82
364|1|0.48
364|3|0.74
364|18381|0.55
364|4|0.12
364|2|0.4
365|7|0.04
365|6|0.1
365|1|0.46
365|3|0.74
365|18381|0.89
365|4|0.59
365|2|0.6
366|7|0.56
366|6|0.77
366|1|0.98
366|3|0.95
366|18381|0.42
366|4|0.67
366|2|0.02
367|7|0.69
367|6|0.76
367|1|0.07
367|3|0.21
367|18381|0.1
367|4|0.21
367|2|0.03
368|7|0.0
368|6|0.94
368|1|0.91
368|3|0.98
368|18381|0.82
368|4|0.67
368|2|0.55
369|7|0.55
369|6|0.59
369|1|0.2
369|3|0.29
369|18381|0.05
369|4|0.32
369|2|0.08
370|7|0.23
370|6|0.03
370|1|0.36
370|3|0.44
370|18381|0.27
370|4|0.41
370|2|0.3
371|7|0.64
371|6|0.65
371|1|0.63
371|3|0.03
371|18381|0.11
371|4|0.33
371|2|1.0
372|7|0.52
372|6|0.2
372|1|0.82
372|3|0.66
372|18381|0.94
372|4|0.8
372|2|0.26
373|7|0.03
373|6|0.04
373|1|0.64
373|3|0.13
373|18381|0.19
373|4|0.45
373|2|0.69
374|7|0.06
374|6|0.78
374|1|0.02
374|3|0.26
374|18381|0.84
374|4|0.13
374|2|0.87
375|7|0.01
375|6|0.29
375|1|0.05
375|3|0.59
375|18381|0.41
375|4|0.85
375|2|0.42
376|7|0.22
376|6|0.66
376|1|0.29
376|3|0.69
376|18381|0.05
376|4|0.42
376|2|0.32
377|7|0.42
377|6|0.13
377|1|0.3
377|3|0.61
377|18381|0.98
377|4|0.57
377|2|0.66
378|7|0.16
378|6|0.06
378|1|0.05
378|3|0.39
378|18381|0.01
378|4|0.32
378|2|0.11
379|7|0.95
379|6|0.59
379|1|0.74
379|3|0.72
379|18381|0.65
379|4|0.59
379|2|0.58
380|7|0.72
380|6|0.78
380|1|0.5
380|3|0.15
380|18381|0.72
380|4|0.81
380|2|0.12
381|7|0.46
381|6|0.8
381|1|0.9
381|3|0.16
381|18381|0.38
381|4|0.8
381|2|0.12
382|7|0.49
382|6|0.64
382|1|0.26
382|3|0.56
382|18381|0.22
382|4|0.73
382|2|0.27
383|7|0.06
383|6|0.07
383|1|0.78
383|3|0.14
383|18381|0.51
383|4|0.14
383|2|0.73
384|7|0.57
384|6|0.47
384|1|0.44
384|3|0.42
384|18381|0.55
384|4|0.17
384|2|0.66
385|7|0.34
385|6|0.38
385|1|0.33
385|3|0.45
385|18381|0.59
385|4|0.23
385|2|0.01
386|7|0.84
386|6|0.12
386|1|0.9
386|3|0.36
386|18381|0.33
386|4|0.48
386|2|0.38
387|7|0.45
387|6|0.35
387|1|0.27
387|3|0.64
387|18381|0.22
387|4|0.99
387|2|0.58
388|7|0.6
388|6|0.21
388|1|0.74
388|3|0.72
388|18381|0.25
388|4|0.42
388|2|0.36
389|7|0.84
389|6|0.77
389|1|0.87
389|3|0.38
389|18381|0.76
389|4|0.27
389|2|0.83
390|7|0.57
390|6|0.19
390|1|0.3
390|3|0.36
390|18381|0.92
390|4|0.16
390|2|0.44
391|7|0.96
391|6|0.52
391|1|0.59
391|3|0.19
391|18381|0.13
391|4|0.05
391|2|0.45
392|7|0.15
392|6|0.34
392|1|0.49
392|3|0.32
392|18381|0.88
392|4|0.4
392|2|0.65
393|7|0.69
393|6|0.06
393|1|0.49
393|3|0.88
393|18381|0.05
393|4|0.71
393|2|0.22
394|7|0.61
394|6|0.35
394|1|0.66
394|3|0.71
394|18381|0.27
394|4|0.2
394|2|0.32
395|7|0.62
395|6|0.28
395|1|0.21
395|3|0.31
395|18381|0.81
395|4|0.73
395|2|0.29
396|7|0.61
396|6|0.79
396|1|0.47
396|3|0.16
396|18381|0.62
396|4|0.58
396|2|0.1
397|7|0.41
397|6|0.59
397|1|0.36
397|3|0.44
397|18381|0.61
397|4|0.85
397|2|0.91
398|7|0.54
398|6|0.15
398|1|0.36
398|3|0.28
398|18381|0.08
398|4|0.5
398|2|0.29
399|7|0.79
399|6|0.61
399|1|0.7
399|3|0.94
399|18381|0.13
399|4|0.64
399|2|0.83
400|7|0.27
400|6|0.03
400|1|0.59
400|3|0.13
400|18381|0.45
400|4|0.16
400|2|0.38
401|7|0.13
401|6|0.05
401|1|0.18
401|3|0.1
401|18381|0.7
401|4|0.27
401|2|0.78
402|7|0.6
402|6|0.42
402|1|0.19
402|3|0.32
402|18381|0.59
402|4|0.58
402|2|0.9
403|7|0.88
403|6|0.3
403|1|0.07
403|3|0.8
403|18381|0.82
403|4|0.96
403|2|0.15
404|7|0.98
404|6|0.84
404|1|0.44
404|3|0.77
404|18381|0.14
404|4|0.7
404|2|0.96
405|7|0.24
405|6|1.0
405|1|0.35
405|3|0.07
405|18381|0.98
405|4|0.24
405|2|0.85
406|7|0.46
406|6|0.15
406|1|0.52
406|3|0.27
406|18381|0.4
406|4|0.03
406|2|0.08
407|7|0.08
407|6|0.2
407|1|0.71
407|3|0.49
407|18381|0.06
407|4|0.49
407|2|0.05
408|7|0.21
408|6|0.69
408|1|0.48
408|3|0.26
408|18381|0.51
408|4|0.98
408|2|0.07
409|7|0.7
409|6|0.71
409|1|1.0
409|3|0.78
409|18381|0.73
409|4|0.11
409|2|0.81
410|7|0.28
410|6|0.38
410|1|0.64
410|3|0.32
410|18381|0.36
410|4|0.37
410|2|0.14
411|7|0.35
411|6|0.95
411|1|0.98
411|3|0.28
411|18381|0.25
411|4|0.71
411|2|0.52
412|7|0.94
412|6|0.93
412|1|0.54
412|3|0.95
412|18381|0.43
412|4|0.02
412|2|0.43
413|7|0.45
413|6|0.81
413|1|0.13
413|3|0.97
413|18381|0.88
413|4|0.22
413|2|0.63
414|7|0.82
414|6|0.62
414|1|0.01
414|3|0.52
414|18381|0.05
414|4|0.05
414|2|0.96
415|7|0.82
415|6|0.16
415|1|0.88
415|3|0.14
415|18381|0.25
415|4|0.24
415|2|0.16
416|7|0.67
416|6|0.77
416|1|0.76
416|3|0.49
416|18381|0.72
416|4|0.11
416|2|0.05
417|7|0.99
417|6|0.43
417|1|0.71
417|3|0.17
417|18381|0.61
417|4|0.32
417|2|0.05
418|7|0.49
418|6|0.95
418|1|0.87
418|3|0.96
418|18381|0.29
418|4|0.28
418|2|0.19
419|7|0.83
419|6|0.86
419|1|0.02
419|3|0.82
419|18381|0.39
419|4|0.77
419|2|0.45
420|7|0.64
420|6|0.73
420|1|0.89
420|3|0.74
420|18381|0.37
420|4|0.24
420|2|0.41
421|7|0.88
421|6|0.42
421|1|0.6
421|3|0.53
421|18381|0.0
421|4|0.86
421|2|0.44
422|7|0.1
422|6|0.61
422|1|0.09
422|3|0.62
422|18381|0.44
422|4|0.78
422|2|0.05
423|7|0.9
423|6|0.05
423|1|0.31
423|3|0.05
423|18381|0.28
423|4|0.06
423|2|0.8
424|7|0.42
424|6|0.87
424|1|0.08
424|3|0.73
424|18381|0.75
424|4|0.19
424|2|0.33
425|7|0.12
425|6|0.04
425|1|0.32
425|3|0.21
425|18381|0.62
425|4|0.19
425|2|0.69
426|7|0.32
426|6|0.27
426|1|0.04
426|3|0.28
426|18381|0.85
426|4|0.07
426|2|0.81
427|7|0.24
427|6|0.81
427|1|0.09
427|3|0.8
427|18381|0.04
427|4|0.1
427|2|0.32
428|7|0.77
428|6|0.33
428|1|0.1
428|3|0.85
428|18381|0.15
428|4|0.76
428|2|0.45
429|7|0.65
429|6|0.95
429|1|0.66
429|3|0.42
429|18381|0.17
429|4|0.41
429|2|0.96
430|7|0.8
430|6|0.07
430|1|0.27
430|3|0.21
430|18381|0.59
430|4|0.14
430|2|0.39
431|7|1.0
431|6|0.29
431|1|0.65
431|3|0.45
431|18381|0.72
431|4|0.16
431|2|0.77
432|7|0.43
432|6|0.07
432|1|0.19
432|3|0.96
432|18381|0.86
432|4|0.26
432|2|0.89
433|7|0.19
433|6|0.69
433|1|0.99
433|3|0.09
433|18381|0.35
433|4|0.35
433|2|0.88
434|7|0.38
434|6|0.68
434|1|0.14
434|3|0.61
434|18381|0.27
434|4|0.35
434|2|0.08
435|7|0.67
435|6|0.1
435|1|0.12
435|3|0.79
435|18381|0.81
435|4|0.84
435|2|0.4
436|7|0.96
436|6|0.03
436|1|0.02
436|3|0.69
436|18381|0.47
436|4|0.68
436|2|0.38
437|7|0.41
437|6|0.36
437|1|0.38
437|3|0.53
437|18381|0.33
437|4|0.05
437|2|0.23
438|7|0.73
438|6|0.31
438|1|0.06
438|3|0.46
438|18381|0.8
438|4|0.95
438|2|0.07
439|7|0.85
439|6|0.68
439|1|0.92
439|3|0.74
439|18381|0.6
439|4|0.48
439|2|0.17
440|7|0.49
440|6|0.03
440|1|0.39
440|3|0.68
440|18381|0.14
440|4|0.61
440|2|0.03
441|7|0.32
441|6|0.58
441|1|0.96
441|3|0.72
441|18381|0.41
441|4|0.44
441|2|0.01
442|7|0.48
442|6|0.17
442|1|0.21
442|3|0.2
442|18381|0.97
442|4|0.21
442|2|0.07
443|7|0.31
443|6|0.04
443|1|0.22
443|3|0.65
443|18381|0.33
443|4|0.74
443|2|0.35
444|7|0.34
444|6|0.73
444|1|0.06
444|3|0.97
444|18381|0.73
444|4|0.86
444|2|0.37
445|7|0.26
445|6|0.53
445|1|0.87
445|3|0.02
445|18381|0.54
445|4|0.71
445|2|0.66
446|7|0.77
446|6|0.77
446|1|0.6
446|3|0.97
446|18381|0.86
446|4|0.7
446|2|0.82
447|7|0.9
447|6|0.99
447|1|0.12
447|3|0.7
447|18381|0.34
447|4|0.71
447|2|0.54
448|7|0.84
448|6|0.46
448|1|0.29
448|3|0.01
448|18381|0.73
448|4|0.48
448|2|0.76
449|7|0.13
449|6|0.32
449|1|0.21
449|3|0.45
449|18381|0.75
449|4|0.79
449|2|0.45
450|7|0.69
450|6|0.18
450|1|0.48
450|3|0.61
450|18381|0.21
450|4|0.02
450|2|0.18
451|7|0.06
451|6|0.72
451|1|0.95
451|3|0.22
451|18381|0.34
451|4|0.44
451|2|0.65
452|7|0.21
452|6|0.06
452|1|0.19
452|3|0.96
452|18381|0.75
452|4|0.22
452|2|0.77
453|7|0.99
453|6|0.5
453|1|0.43
453|3|0.67
453|18381|0.23
453|4|0.37
453|2|0.41
454|7|0.81
454|6|0.12
454|1|0.77
454|3|0.34
454|18381|0.54
454|4|0.36
454|2|0.89
455|7|0.21
455|6|0.45
455|1|0.23
455|3|0.9
455|18381|0.64
455|4|0.7
455|2|0.55
456|7|0.1
456|6|0.18
456|1|0.68
456|3|0.81
456|18381|0.51
456|4|0.9
456|2|0.48
457|7|0.58
457|6|0.31
457|1|0.64
457|3|0.78
457|18381|0.14
457|4|0.59
457|2|0.26
458|7|0.63
458|6|0.57
458|1|0.3
458|3|0.01
458|18381|0.61
458|4|0.69
458|2|0.12
459|7|0.3
459|6|0.73
459|1|0.84
459|3|0.98
459|18381|0.51
459|4|0.91
459|2|0.77
460|7|0.2
460|6|0.35
460|1|0.89
460|3|0.18
460|18381|0.64
460|4|0.87
460|2|0.75
461|7|0.54
461|6|0.97
461|1|0.14
461|3|0.74
461|18381|0.84
461|4|0.0
461|2|0.01
462|7|0.33
462|6|0.98
462|1|0.51
462|3|0.57
462|18381|0.11
462|4|0.83
462|2|0.56
463|7|0.94
463|6|0.28
463|1|0.87
463|3|0.85
463|18381|0.07
463|4|0.7
463|2|0.25
464|7|0.44
464|6|0.89
464|1|0.42
464|3|0.99
464|18381|0.59
464|4|0.14
464|2|0.93
465|7|0.18
465|6|0.37
465|1|0.12
465|3|0.54
465|18381|0.14
465|4|0.94
465|2|0.82
466|7|0.71
466|6|0.55
466|1|0.75
466|3|0.86
466|18381|0.5
466|4|0.74
466|2|0.93
467|7|0.64
467|6|0.67
467|1|0.94
467|3|0.5
467|18381|0.2
467|4|0.66
467|2|0.61
468|7|0.63
468|6|0.2
468|1|0.16
468|3|0.94
468|18381|0.68
468|4|0.15
468|2|0.94
469|7|0.48
469|6|0.97
469|1|0.34
469|3|0.82
469|18381|0.32
469|4|0.35
469|2|0.16
470|7|0.5
470|6|0.1
470|1|0.03
470|3|0.61
470|18381|0.34
470|4|0.64
470|2|0.9
471|7|0.6
471|6|0.45
471|1|0.54
471|3|0.0
471|18381|0.34
471|4|0.98
471|2|0.51
472|7|0.33
472|6|0.2
472|1|0.51
472|3|0.87
472|18381|0.06
472|4|0.95
472|2|0.26
473|7|0.88
473|6|0.51
473|1|0.36
473|3|0.14
473|18381|0.32
473|4|0.12
473|2|0.51
474|7|0.74
474|6|0.46
474|1|0.51
474|3|0.3
474|18381|0.43
474|4|0.3
474|2|0.01
475|7|0.55
475|6|0.12
475|1|0.37
475|3|0.56
475|18381|0.45
475|4|0.44
475|2|0.03
476|7|0.24
476|6|0.61
476|1|0.24
476|3|0.74
476|18381|0.92
476|4|0.77
476|2|0.18
477|7|0.63
477|6|0.04
477|1|0.13
477|3|0.06
477|18381|0.04
477|4|0.59
477|2|0.72
478|7|0.77
478|6|0.16
478|1|0.5
478|3|0.69
478|18381|0.22
478|4|0.81
478|2|0.62
479|7|0.2
479|6|0.33
479|1|0.56
479|3|0.44
479|18381|0.77
479|4|0.43
479|2|0.71
480|7|0.7
480|6|0.52
480|1|0.95
480|3|0.38
480|18381|0.48
480|4|1.0
480|2|0.22
481|7|0.56
481|6|0.06
481|1|0.88
481|3|0.02
481|18381|0.94
481|4|0.23
481|2|0.26
482|7|0.14
482|6|0.49
482|1|0.5
482|3|0.64
482|18381|0.07
482|4|0.81
482|2|0.81
483|7|0.86
483|6|0.76
483|1|0.18
483|3|0.75
483|18381|0.42
483|4|0.95
483|2|0.36
484|7|0.58
484|6|0.02
484|1|0.72
484|3|0.84
484|18381|0.16
484|4|0.4
484|2|0.22
485|7|0.07
485|6|0.68
485|1|0.51
485|3|0.77
485|18381|0.69
485|4|0.85
485|2|0.58
486|7|0.12
486|6|0.13
486|1|0.05
486|3|0.91
486|18381|0.3
486|4|0.18
486|2|0.16
487|7|0.12
487|6|0.55
487|1|0.19
487|3|0.98
487|18381|0.66
487|4|0.13
487|2|0.83
488|7|0.74
488|6|0.58
488|1|0.79
488|3|0.96
488|18381|0.49
488|4|0.99
488|2|0.55
489|7|0.3
489|6|0.6
489|1|0.19
489|3|0.93
489|18381|0.95
489|4|0.94
489|2|0.49
490|7|0.32
490|6|0.68
490|1|0.35
490|3|0.51
490|18381|0.01
490|4|0.07
490|2|0.21
491|7|0.96
491|6|0.51
491|1|0.73
491|3|0.29
491|18381|0.69
491|4|0.05
491|2|0.53
492|7|0.18
492|6|0.76
492|1|0.82
492|3|0.79
492|18381|0.29
492|4|0.1
492|2|0.39
493|7|0.2
493|6|0.6
493|1|0.15
493|3|0.88
493|18381|0.79
493|4|0.91
493|2|0.87
494|7|0.02
494|6|0.14
494|1|0.3
494|3|0.61
494|18381|0.76
494|4|0.98
494|2|0.19
495|7|0.84
495|6|0.12
495|1|0.66
495|3|0.98
495|18381|0.89
495|4|0.9
495|2|0.97
496|7|0.63
496|6|0.22
496|1|0.79
496|3|0.78
496|18381|0.29
496|4|0.7
496|2|0.25
497|7|0.19
497|6|0.91
497|1|0.78
497|3|0.28
497|18381|0.21
497|4|0.1
497|2|0.23
498|7|0.37
498|6|0.58
498|1|0.66
498|3|0.32
498|18381|0.27
498|4|0.43
498|2|0.22
499|7|0.3
499|6|0.28
499|1|0.77
499|3|0.81
499|18381|0.4
499|4|0.1
499|2|0.15
500|7|0.56
500|6|0.85
500|1|0.67
500|3|0.76
500|18381|0.97
500|4|0.71
500|2|0.89
501|7|0.41
501|6|0.97
501|1|0.26
501|3|0.48
501|18381|0.74
501|4|0.58
501|2|0.69
502|7|0.33
502|6|0.65
502|1|0.87
502|3|0.71
502|18381|0.36
502|4|0.05
502|2|0.68
503|7|0.68
503|6|0.26
503|1|0.53
503|3|0.97
503|18381|0.28
503|4|0.23
503|2|0.95
504|7|0.82
504|6|0.42
504|1|0.43
504|3|0.08
504|18381|0.88
504|4|0.82
504|2|0.76
505|7|0.86
505|6|0.07
505|1|0.52
505|3|0.22
505|18381|0.65
505|4|0.15
505|2|0.87
506|7|0.8
506|6|0.46
506|1|0.92
506|3|0.1
506|18381|0.0
506|4|0.66
506|2|0.09
507|7|0.12
507|6|0.78
507|1|0.36
507|3|0.95
507|18381|0.57
507|4|0.22
507|2|0.52
508|7|0.03
508|6|0.63
508|1|0.54
508|3|0.01
508|18381|0.37
508|4|0.9
508|2|0.34
509|7|0.99
509|6|0.23
509|1|0.78
509|3|0.04
509|18381|0.02
509|4|0.49
509|2|0.93
510|7|0.93
510|6|0.58
510|1|0.24
510|3|0.66
510|18381|0.86
510|4|0.0
510|2|0.61
511|7|0.14
511|6|0.89
511|1|0.29
511|3|0.39
511|18381|0.17
511|4|0.52
511|2|0.15
512|7|0.28
512|6|0.92
512|1|0.76
512|3|0.38
512|18381|0.11
512|4|0.36
512|2|0.51
513|7|0.95
513|6|0.28
513|1|0.5
513|3|0.84
513|18381|0.98
513|4|0.22
513|2|0.47
514|7|0.56
514|6|0.53
514|1|0.69
514|3|0.85
514|18381|0.6
514|4|0.81
514|2|0.76
515|7|0.13
515|6|0.79
515|1|0.61
515|3|0.26
515|18381|0.19
515|4|0.79
515|2|0.69
516|7|0.29
516|6|0.66
516|1|0.43
516|3|0.45
516|18381|0.11
516|4|0.78
516|2|0.29
517|7|0.24
517|6|0.59
517|1|0.5
517|3|0.4
517|18381|0.45
517|4|0.2
517|2|0.67
518|7|0.89
518|6|0.74
518|1|0.81
518|3|0.54
518|18381|0.12
518|4|0.91
518|2|0.11
519|7|0.65
519|6|0.6
519|1|0.93
519|3|0.99
519|18381|0.75
519|4|0.27
519|2|0.37
520|7|0.11
520|6|0.21
520|1|0.79
520|3|0.22
520|18381|0.46
520|4|0.82
520|2|0.36
521|7|0.67
521|6|0.26
521|1|0.19
521|3|0.09
521|18381|0.55
521|4|0.81
521|2|0.61
522|7|0.64
522|6|0.33
522|1|0.99
522|3|0.94
522|18381|0.16
522|4|0.07
522|2|0.83
523|7|0.37
523|6|0.58
523|1|0.84
523|3|0.23
523|18381|0.14
523|4|0.78
523|2|0.59
524|7|0.98
524|6|0.96
524|1|0.56
524|3|0.11
524|18381|1.0
524|4|0.89
524|2|0.46
525|7|0.99
525|6|0.62
525|1|0.65
525|3|0.55
525|18381|0.3
525|4|1.0
525|2|0.31
526|7|0.8
526|6|0.55
526|1|0.67
526|3|0.62
526|18381|0.59
526|4|0.15
526|2|0.56
527|7|0.24
527|6|0.84
527|1|0.32
527|3|0.25
527|18381|0.93
527|4|0.59
527|2|0.82
528|7|0.14
528|6|0.74
528|1|0.33
528|3|1.0
528|18381|0.63
528|4|0.82
528|2|0.76
529|7|0.95
529|6|0.39
529|1|0.68
529|3|0.92
529|18381|0.09
529|4|0.47
529|2|0.09
530|7|0.06
530|6|0.78
530|1|0.13
530|3|0.29
530|18381|0.12
530|4|0.9
530|2|0.51
531|7|0.01
531|6|0.92
531|1|0.91
531|3|0.28
531|18381|0.01
531|4|0.43
531|2|0.68
532|7|0.47
532|6|0.83
532|1|0.5
532|3|0.82
532|18381|0.12
532|4|0.16
532|2|0.83
533|7|0.06
533|6|0.78
533|1|0.09
533|3|0.48
533|18381|0.93
533|4|0.55
533|2|0.68
534|7|0.1
534|6|0.42
534|1|0.08
534|3|0.93
534|18381|0.08
534|4|0.53
534|2|0.44
535|7|0.49
535|6|0.62
535|1|0.26
535|3|0.27
535|18381|0.5
535|4|0.89
535|2|0.15
536|7|0.19
536|6|0.93
536|1|0.7
536|3|0.69
536|18381|0.41
536|4|0.74
536|2|0.95
537|7|0.6
537|6|0.82
537|1|0.35
537|3|0.87
537|18381|0.01
537|4|0.38
537|2|0.11
538|7|0.46
538|6|0.86
538|1|0.06
538|3|0.45
538|18381|0.98
538|4|0.47
538|2|0.38
539|7|0.06
539|6|0.98
539|1|0.6
539|3|0.16
539|18381|0.26
539|4|0.13
539|2|0.45
540|7|0.26
540|6|0.99
540|1|0.19
540|3|0.12
540|18381|0.87
540|4|0.51
540|2|0.31
541|7|0.72
541|6|0.07
541|1|0.57
541|3|0.36
541|18381|0.73
541|4|0.52
541|2|0.41
542|7|0.09
542|6|0.67
542|1|0.51
542|3|0.25
542|18381|0.36
542|4|0.38
542|2|0.58
543|7|0.33
543|6|0.73
543|1|0.41
543|3|0.76
543|18381|0.57
543|4|0.06
543|2|0.77
544|7|0.6
544|6|0.01
544|1|0.89
544|3|0.69
544|18381|0.05
544|4|0.09
544|2|0.78
545|7|0.29
545|6|0.41
545|1|0.05
545|3|0.66
545|18381|0.17
545|4|0.13
545|2|0.54
546|7|0.55
546|6|0.93
546|1|0.75
546|3|0.17
546|18381|0.55
546|4|0.22
546|2|0.57
547|7|0.9
547|6|0.57
547|1|0.81
547|3|0.8
547|18381|0.39
547|4|0.59
547|2|0.11
548|7|0.96
548|6|0.75
548|1|0.35
548|3|0.82
548|18381|1.0
548|4|0.79
548|2|0.83
549|7|0.42
549|6|0.46
549|1|0.61
549|3|0.29
549|18381|0.42
549|4|0.34
549|2|0.61
550|7|0.22
550|6|0.62
550|1|0.52
550|3|0.34
550|18381|0.14
550|4|0.11
550|2|0.11
551|7|0.51
551|6|0.48
551|1|0.3
551|3|0.49
551|18381|0.7
551|4|0.52
551|2|0.39
552|7|0.67
552|6|0.31
552|1|0.68
552|3|0.44
552|18381|0.81
552|4|0.17
552|2|0.87
553|7|0.4
553|6|1.0
553|1|0.26
553|3|0.19
553|18381|0.45
553|4|0.35
553|2|0.45
554|7|0.01
554|6|0.3
554|1|0.44
554|3|0.97
554|18381|0.76
554|4|0.32
554|2|0.28
555|7|0.48
555|6|0.22
555|1|0.89
555|3|0.58
555|18381|0.75
555|4|0.13
555|2|0.16
556|7|0.78
556|6|0.19
556|1|0.96
556|3|0.19
556|18381|0.11
556|4|0.33
556|2|0.35
557|7|0.22
557|6|0.57
557|1|0.24
557|3|0.5
557|18381|0.42
557|4|0.65
557|2|0.37
558|7|0.94
558|6|0.45
558|1|0.8
558|3|0.91
558|18381|0.7
558|4|0.16
558|2|0.48
559|7|0.4
559|6|0.8
559|1|0.28
559|3|0.99
559|18381|0.48
559|4|0.99
559|2|0.26
560|7|0.88
560|6|0.09
560|1|0.93
560|3|0.82
560|18381|0.35
560|4|0.13
560|2|0.0
561|7|0.89
561|6|1.0
561|1|0.0
561|3|0.26
561|18381|0.03
561|4|0.54
561|2|0.52
562|7|0.37
562|6|0.43
562|1|0.15
562|3|0.12
562|18381|0.66
562|4|0.78
562|2|0.37
563|7|0.11
563|6|0.69
563|1|0.44
563|3|0.58
563|18381|0.34
563|4|0.28
563|2|0.08
564|7|0.75
564|6|0.23
564|1|0.84
564|3|0.55
564|18381|0.72
564|4|0.87
564|2|0.45
565|7|0.08
565|6|0.58
565|1|0.23
565|3|0.37
565|18381|0.51
565|4|0.39
565|2|0.68
566|7|0.37
566|6|0.56
566|1|0.77
566|3|0.41
566|18381|0.94
566|4|0.98
566|2|0.76
567|7|0.88
567|6|0.74
567|1|0.89
567|3|0.66
567|18381|0.51
567|4|0.61
567|2|0.55
568|7|1.0
568|6|0.67
568|1|0.11
568|3|0.07
568|18381|0.92
568|4|0.19
568|2|0.45
569|7|0.09
569|6|0.73
569|1|0.21
569|3|0.83
569|18381|0.58
569|4|0.18
569|2|0.3
570|7|0.47
570|6|0.94
570|1|0.18
570|3|0.04
570|18381|0.36
570|4|0.89
570|2|0.58
571|7|0.5
571|6|0.97
571|1|0.69
571|3|0.27
571|18381|0.92
571|4|0.96
571|2|0.8
572|7|0.58
572|6|0.04
572|1|0.8
572|3|0.17
572|18381|0.09
572|4|0.53
572|2|0.92
573|7|0.37
573|6|0.41
573|1|0.62
573|3|0.3
573|18381|0.65
573|4|0.02
573|2|0.11
574|7|0.17
574|6|0.38
574|1|0.25
574|3|0.16
574|18381|0.49
574|4|0.74
574|2|0.44
575|7|0.43
575|6|0.25
575|1|0.77
575|3|0.11
575|18381|0.61
575|4|0.38
575|2|0.53
576|7|0.96
576|6|0.84
576|1|0.8
576|3|0.69
576|18381|0.58
576|4|0.12
576|2|1.0
577|7|0.54
577|6|0.61
577|1|0.15
577|3|0.21
577|18381|0.68
577|4|0.64
577|2|0.8
578|7|0.1
578|6|0.89
578|1|0.75
578|3|0.08
578|18381|0.42
578|4|0.31
578|2|0.69
579|7|0.96
579|6|0.43
579|1|0.92
579|3|0.46
579|18381|0.93
579|4|0.19
579|2|0.94
580|7|0.54
580|6|0.8
580|1|0.18
580|3|0.6
580|18381|0.41
580|4|0.43
580|2|0.91
581|7|0.16
581|6|0.57
581|1|0.63
581|3|0.83
581|18381|0.85
581|4|0.1
581|2|0.59
582|7|0.91
582|6|0.62
582|1|0.7
582|3|0.58
582|18381|0.56
582|4|0.84
582|2|0.43
583|7|0.25
583|6|0.47
583|1|0.93
583|3|0.76
583|18381|0.14
583|4|0.7
583|2|0.6
584|7|0.96
584|6|0.21
584|1|1.0
584|3|0.29
584|18381|0.72
584|4|0.62
584|2|0.85
585|7|0.91
585|6|0.02
585|1|0.77
585|3|0.89
585|18381|0.45
585|4|0.95
585|2|0.17
586|7|0.56
586|6|0.51
586|1|0.64
586|3|0.6
586|18381|0.44
586|4|0.66
586|2|0.72
587|7|0.53
587|6|0.81
587|1|0.68
587|3|0.42
587|18381|0.65
587|4|0.52
587|2|0.02
588|7|0.49
588|6|0.07
588|1|0.99
588|3|0.72
588|18381|0.38
588|4|0.96
588|2|0.75
589|7|0.0
589|6|0.97
589|1|0.77
589|3|0.39
589|18381|0.28
589|4|0.78
589|2|0.28
590|7|0.97
590|6|0.56
590|1|0.77
590|3|0.4
590|18381|0.63
590|4|0.33
590|2|0.3
591|7|0.87
591|6|0.04
591|1|0.97
591|3|0.49
591|18381|0.83
591|4|0.69
591|2|0.19
592|7|0.86
592|6|0.69
592|1|0.72
592|3|0.41
592|18381|0.82
592|4|0.42
592|2|0.31
593|7|0.61
593|6|0.53
593|1|0.16
593|3|0.9
593|18381|0.37
593|4|0.38
593|2|0.29
594|7|0.07
594|6|0.1
594|1|0.67
594|3|0.0
594|18381|0.81
594|4|0.29
594|2|0.01
595|7|0.36
595|6|0.82
595|1|0.89
595|3|0.42
595|18381|0.79
595|4|0.47
595|2|0.56
596|7|0.43
596|6|0.87
596|1|0.43
596|3|0.48
596|18381|0.63
596|4|0.28
596|2|0.8
597|7|0.8
597|6|0.19
597|1|0.15
597|3|0.66
597|18381|0.31
597|4|0.81
597|2|0.65
598|7|0.75
598|6|0.41
598|1|0.06
598|3|0.15
598|18381|1.0
598|4|0.92
598|2|0.7
599|7|0.63
599|6|0.4
599|1|0.94
599|3|0.9
599|18381|0.35
599|4|0.46
599|2|0.73
600|7|0.91
600|6|0.04
600|1|0.56
600|3|0.04
600|18381|0.35
600|4|0.48
600|2|0.58
601|7|0.25
601|6|0.11
601|1|0.69
601|3|0.67
601|18381|0.26
601|4|0.96
601|2|0.76
602|7|0.96
602|6|0.17
602|1|0.06
602|3|0.98
602|18381|0.58
602|4|0.28
602|2|0.37
603|7|0.61
603|6|0.04
603|1|0.27
603|3|0.26
603|18381|0.28
603|4|0.58
603|2|0.73
604|7|0.89
604|6|0.82
604|1|0.17
604|3|0.03
604|18381|0.22
604|4|0.64
604|2|0.17
605|7|0.56
605|6|0.87
605|1|0.49
605|3|0.82
605|18381|0.83
605|4|0.92
605|2|0.68
606|7|0.78
606|6|0.29
606|1|0.15
606|3|0.28
606|18381|0.85
606|4|0.29
606|2|0.95
607|7|0.5
607|6|0.84
607|1|0.64
607|3|0.48
607|18381|0.69
607|4|0.96
607|2|0.47
608|7|0.26
608|6|0.69
608|1|0.09
608|3|0.9
608|18381|0.58
608|4|0.4
608|2|0.24
609|7|0.08
609|6|0.77
609|1|0.87
609|3|0.06
609|18381|0.4
609|4|0.79
609|2|0.05
610|7|0.86
610|6|0.09
610|1|0.58
610|3|0.79
610|18381|0.83
610|4|0.91
610|2|0.05
611|7|0.66
611|6|0.8
611|1|0.46
611|3|0.83
611|18381|0.84
611|4|0.95
611|2|0.12
612|7|0.95
612|6|0.16
612|1|0.42
612|3|0.17
612|18381|0.39
612|4|0.0
612|2|0.63
613|7|0.57
613|6|0.8
613|1|0.5
613|3|0.86
613|18381|0.88
613|4|0.42
613|2|0.39
614|7|0.1
614|6|0.94
614|1|0.66
614|3|0.04
614|18381|0.99
614|4|0.63
614|2|0.27
615|7|0.2
615|6|0.67
615|1|0.34
615|3|0.04
615|18381|0.06
615|4|0.66
615|2|0.3
616|7|0.8
616|6|0.33
616|1|0.33
616|3|0.25
616|18381|0.02
616|4|0.05
616|2|0.19
617|7|0.67
617|6|0.47
617|1|0.86
617|3|0.41
617|18381|0.6
617|4|0.03
617|2|0.7
618|7|0.2
618|6|0.26
618|1|0.21
618|3|0.89
618|18381|0.65
618|4|0.36
618|2|0.32
619|7|0.86
619|6|0.89
619|1|0.39
619|3|0.21
619|18381|0.53
619|4|0.29
619|2|0.19
620|7|0.56
620|6|0.52
620|1|0.78
620|3|0.37
620|18381|0.26
620|4|0.52
620|2|0.76
621|7|0.26
621|6|0.4
621|1|0.65
621|3|0.18
621|18381|0.53
621|4|0.04
621|2|0.5
622|7|0.01
622|6|0.6
622|1|0.85
622|3|0.6
622|18381|0.94
622|4|0.58
622|2|0.98
623|7|0.81
623|6|0.92
623|1|0.9
623|3|0.15
623|18381|0.13
623|4|0.26
623|2|0.1
624|7|0.09
624|6|0.36
624|1|0.25
624|3|0.09
624|18381|0.21
624|4|0.75
624|2|0.82
625|7|0.4
625|6|0.29
625|1|0.41
625|3|0.71
625|18381|0.02
625|4|0.66
625|2|0.6
626|7|0.82
626|6|0.72
626|1|0.96
626|3|0.22
626|18381|0.91
626|4|0.75
626|2|0.75
627|7|0.72
627|6|0.58
627|1|0.32
627|3|0.87
627|18381|0.49
627|4|0.25
627|2|0.66
628|7|0.02
628|6|0.3
628|1|0.99
628|3|0.13
628|18381|0.99
628|4|0.27
628|2|0.97
629|7|0.74
629|6|0.32
629|1|0.15
629|3|0.28
629|18381|0.1
629|4|0.86
629|2|0.46
630|7|0.31
630|6|0.18
630|1|0.24
630|3|0.34
630|18381|0.1
630|4|0.35
630|2|0.91
631|7|0.8
631|6|0.83
631|1|0.16
631|3|0.66
631|18381|0.35
631|4|0.99
631|2|0.32
632|7|0.43
632|6|0.35
632|1|0.78
632|3|0.97
632|18381|0.3
632|4|0.36
632|2|0.09
633|7|0.75
633|6|0.48
633|1|0.89
633|3|0.67
633|18381|0.39
633|4|0.57
633|2|0.86
634|7|0.46
634|6|0.59
634|1|0.62
634|3|0.12
634|18381|0.62
634|4|0.47
634|2|0.4
635|7|0.9
635|6|0.54
635|1|0.38
635|3|0.99
635|18381|0.13
635|4|0.85
635|2|0.17
636|7|0.9
636|6|0.06
636|1|0.46
636|3|0.7
636|18381|0.42
636|4|0.93
636|2|0.73
637|7|0.18
637|6|0.11
637|1|0.2
637|3|0.35
637|18381|0.41
637|4|0.67
637|2|0.58
638|7|0.8
638|6|0.75
638|1|0.07
638|3|0.29
638|18381|0.03
638|4|0.82
638|2|0.31
639|7|0.31
639|6|0.52
639|1|0.88
639|3|0.73
639|18381|0.7
639|4|0.35
639|2|0.74
640|7|0.8
640|6|0.97
640|1|0.7
640|3|0.62
640|18381|0.55
640|4|0.82
640|2|0.32
641|7|0.98
641|6|0.68
641|1|0.32
641|3|0.92
641|18381|0.42
641|4|0.3
641|2|0.54
642|7|0.12
642|6|0.24
642|1|0.02
642|3|0.75
642|18381|0.87
642|4|0.83
642|2|0.88
643|7|0.88
643|6|0.42
643|1|0.23
643|3|0.07
643|18381|0.26
643|4|0.72
643|2|1.0
644|7|0.33
644|6|0.36
644|1|0.61
644|3|0.5
644|18381|0.35
644|4|0.89
644|2|0.87
645|7|0.51
645|6|0.26
645|1|0.77
645|3|0.36
645|18381|0.27
645|4|0.2
645|2|0.06
646|7|0.2
646|6|0.57
646|1|0.06
646|3|0.9
646|18381|0.69
646|4|0.24
646|2|0.24
647|7|0.68
647|6|0.96
647|1|0.95
647|3|0.29
647|18381|0.96
647|4|0.23
647|2|0.13
648|7|0.79
648|6|0.33
648|1|0.46
648|3|0.92
648|18381|0.14
648|4|0.35
648|2|0.52
649|7|0.31
649|6|0.84
649|1|0.74
649|3|0.02
649|18381|0.82
649|4|0.1
649|2|0.7
650|7|0.04
650|6|0.68
650|1|0.59
650|3|0.38
650|18381|0.31
650|4|0.16
650|2|0.88
651|7|0.51
651|6|0.26
651|1|0.48
651|3|0.23
651|18381|0.27
651|4|0.94
651|2|0.17
652|7|0.89
652|6|0.58
652|1|0.75
652|3|0.3
652|18381|0.91
652|4|0.6
652|2|0.15
653|7|0.69
653|6|0.55
653|1|0.62
653|3|0.46
653|18381|0.12
653|4|0.96
653|2|0.57
654|7|0.08
654|6|0.72
654|1|0.96
654|3|0.44
654|18381|0.81
654|4|0.06
654|2|0.63
655|7|0.4
655|6|0.15
655|1|0.62
655|3|0.43
655|18381|0.3
655|4|0.98
655|2|0.49
656|7|0.73
656|6|0.06
656|1|0.94
656|3|0.19
656|18381|0.04
656|4|0.12
656|2|0.78
657|7|0.49
657|6|0.47
657|1|0.88
657|3|0.61
657|18381|0.27
657|4|0.11
657|2|0.96
658|7|0.22
658|6|0.97
658|1|0.97
658|3|0.96
658|18381|0.52
658|4|0.86
658|2|0.07
659|7|0.32
659|6|0.83
659|1|0.4
659|3|0.53
659|18381|0.84
659|4|0.28
659|2|0.34
660|7|0.02
660|6|0.14
660|1|0.23
660|3|0.28
660|18381|0.54
660|4|0.24
660|2|0.71
661|7|0.58
661|6|0.13
661|1|0.19
661|3|0.13
661|18381|0.59
661|4|0.93
661|2|0.53
662|7|0.11
662|6|0.93
662|1|0.26
662|3|0.25
662|18381|0.06
662|4|0.91
662|2|0.95
663|7|0.55
663|6|0.5
663|1|0.42
663|3|0.77
663|18381|0.9
663|4|0.35
663|2|0.55
664|7|0.58
664|6|0.95
664|1|0.41
664|3|0.99
664|18381|0.75
664|4|0.67
664|2|0.19
665|7|0.72
665|6|0.19
665|1|0.95
665|3|0.64
665|18381|0.3
665|4|0.22
665|2|0.04
666|7|0.05
666|6|0.35
666|1|0.94
666|3|0.68
666|18381|0.16
666|4|0.79
666|2|0.68
667|7|0.31
667|6|0.69
667|1|0.26
667|3|0.75
667|18381|0.11
667|4|0.77
667|2|0.69
668|7|0.68
668|6|0.15
668|1|0.27
668|3|0.4
668|18381|0.88
668|4|0.61
668|2|0.01
669|7|0.65
669|6|0.13
669|1|0.34
669|3|0.12
669|18381|0.63
669|4|0.58
669|2|0.58
670|7|0.73
670|6|0.73
670|1|0.26
670|3|0.45
670|18381|0.74
670|4|0.54
670|2|0.91
671|7|0.69
671|6|0.53
671|1|0.67
671|3|0.24
671|18381|0.09
671|4|0.21
671|2|0.56
672|7|0.64
672|6|0.59
672|1|0.04
672|3|0.88
672|18381|0.09
672|4|0.47
672|2|0.21
673|7|0.91
673|6|0.38
673|1|0.83
673|3|0.61
673|18381|0.19
673|4|0.23
673|2|0.63
674|7|0.32
674|6|0.58
674|1|0.85
674|3|0.87
674|18381|0.09
674|4|0.2
674|2|0.2
675|7|0.94
675|6|0.9
675|1|0.43
675|3|0.52
675|18381|0.26
675|4|0.53
675|2|0.33
676|7|0.74
676|6|0.13
676|1|0.33
676|3|0.53
676|18381|0.25
676|4|1.0
676|2|0.01
677|7|0.7
677|6|0.27
677|1|0.38
677|3|0.38
677|18381|0.58
677|4|0.3
677|2|0.3
678|7|0.61
678|6|0.83
678|1|0.32
678|3|0.8
678|18381|0.25
678|4|0.25
678|2|0.66
679|7|0.74
679|6|0.88
679|1|0.78
679|3|0.95
679|18381|0.77
679|4|0.23
679|2|0.94
680|7|0.93
680|6|0.73
680|1|0.39
680|3|0.26
680|18381|0.66
680|4|0.74
680|2|0.22
681|7|0.08
681|6|0.47
681|1|0.47
681|3|0.67
681|18381|0.61
681|4|0.83
681|2|0.29
682|7|0.04
682|6|0.82
682|1|0.57
682|3|0.18
682|18381|0.9
682|4|0.96
682|2|0.76
683|7|0.03
683|6|0.51
683|1|0.83
683|3|0.84
683|18381|0.78
683|4|0.7
683|2|0.88
684|7|0.51
684|6|0.36
684|1|0.39
684|3|0.68
684|18381|0.85
684|4|0.32
684|2|0.26
685|7|0.99
685|6|0.64
685|1|0.57
685|3|0.89
685|18381|0.33
685|4|0.19
685|2|0.14
686|7|0.61
686|6|0.43
686|1|0.87
686|3|0.98
686|18381|0.1
686|4|0.99
686|2|0.13
687|7|0.55
687|6|0.56
687|1|0.06
687|3|0.44
687|18381|0.36
687|4|0.58
687|2|0.11
688|7|0.45
688|6|0.67
688|1|0.98
688|3|0.12
688|18381|0.53
688|4|0.58
688|2|0.23
689|7|0.9
689|6|0.69
689|1|0.45
689|3|0.65
689|18381|0.94
689|4|0.6
689|2|0.63
690|7|0.12
690|6|0.51
690|1|0.07
690|3|0.05
690|18381|0.96
690|4|0.77
690|2|0.04
691|7|0.08
691|6|0.31
691|1|0.78
691|3|0.89
691|18381|0.13
691|4|0.9
691|2|0.94
692|7|0.72
692|6|0.62
692|1|0.04
692|3|0.13
692|18381|0.85
692|4|0.37
692|2|0.91
693|7|0.54
693|6|0.26
693|1|0.77
693|3|0.69
693|18381|0.92
693|4|0.74
693|2|0.31
694|7|0.95
694|6|0.41
694|1|0.29
694|3|0.67
694|18381|0.37
694|4|0.99
694|2|0.63
695|7|0.81
695|6|0.9
695|1|0.3
695|3|0.13
695|18381|0.24
695|4|0.49
695|2|0.76
696|7|0.75
696|6|0.56
696|1|0.63
696|3|0.15
696|18381|0.9
696|4|0.49
696|2|0.43
697|7|0.77
697|6|0.07
697|1|0.32
697|3|0.84
697|18381|0.68
697|4|0.52
697|2|0.9
698|7|0.88
698|6|0.34
698|1|0.34
698|3|0.52
698|18381|0.48
698|4|0.85
698|2|0.63
699|7|0.4
699|6|0.72
699|1|0.46
699|3|0.83
699|18381|0.63
699|4|0.97
699|2|0.3
700|7|0.18
700|6|0.31
700|1|0.51
700|3|0.41
700|18381|0.28
700|4|0.86
700|2|0.55
701|7|0.56
701|6|0.88
701|1|0.16
701|3|0.85
701|18381|0.14
701|4|0.5
701|2|0.02
702|7|0.43
702|6|0.63
702|1|0.36
702|3|0.1
702|18381|0.06
702|4|0.51
702|2|0.24
703|7|0.81
703|6|0.33
703|1|0.6
703|3|0.85
703|18381|0.33
703|4|0.28
703|2|0.81
704|7|0.48
704|6|0.47
704|1|0.32
704|3|0.38
704|18381|0.69
704|4|0.65
704|2|0.25
705|7|0.99
705|6|0.19
705|1|0.38
705|3|0.38
705|18381|0.4
705|4|0.73
705|2|0.8
706|7|0.89
706|6|0.8
706|1|0.93
706|3|0.45
706|18381|0.11
706|4|0.27
706|2|0.76
707|7|0.21
707|6|0.08
707|1|0.27
707|3|0.84
707|18381|0.32
707|4|0.17
707|2|0.87
708|7|0.59
708|6|0.94
708|1|0.34
708|3|0.21
708|18381|0.88
708|4|0.02
708|2|0.78
709|7|0.38
709|6|0.36
709|1|0.9
709|3|0.92
709|18381|0.4
709|4|0.94
709|2|0.97
710|7|0.03
710|6|0.33
710|1|0.31
710|3|0.62
710|18381|0.63
710|4|0.98
710|2|0.5
711|7|0.25
711|6|0.79
711|1|0.87
711|3|0.38
711|18381|0.61
711|4|0.85
711|2|0.63
712|7|0.17
712|6|0.34
712|1|0.55
712|3|0.58
712|18381|0.98
712|4|0.91
712|2|0.22
713|7|0.39
713|6|0.48
713|1|0.21
713|3|0.01
713|18381|0.28
713|4|0.76
713|2|0.34
714|7|0.09
714|6|0.21
714|1|0.91
714|3|0.16
714|18381|0.5
714|4|0.22
714|2|0.9
715|7|0.48
715|6|0.89
715|1|0.67
715|3|0.18
715|18381|0.6
715|4|0.74
715|2|0.72
716|7|0.6
716|6|0.18
716|1|0.59
716|3|0.46
716|18381|0.68
716|4|0.35
716|2|0.29
717|7|0.22
717|6|0.19
717|1|0.39
717|3|0.43
717|18381|0.92
717|4|0.18
717|2|0.28
718|7|0.06
718|6|0.52
718|1|0.91
718|3|0.97
718|18381|0.75
718|4|0.59
718|2|0.19
719|7|0.06
719|6|0.52
719|1|0.29
719|3|0.17
719|18381|0.74
719|4|0.76
719|2|1.0
720|7|0.31
720|6|0.04
720|1|0.39
720|3|0.18
720|18381|0.48
720|4|0.31
720|2|0.05
721|7|0.62
721|6|0.86
721|1|0.51
721|3|0.02
721|18381|0.02
721|4|0.35
721|2|0.5
722|7|0.21
722|6|0.08
722|1|0.13
722|3|0.26
722|18381|0.97
722|4|0.46
722|2|0.28
723|7|0.02
723|6|0.16
723|1|0.86
723|3|0.48
723|18381|0.7
723|4|0.66
723|2|0.22
724|7|0.85
724|6|0.63
724|1|0.77
724|3|0.27
724|18381|0.79
724|4|0.12
724|2|0.34
725|7|0.22
725|6|0.37
725|1|0.04
725|3|0.66
725|18381|0.67
725|4|0.75
725|2|0.26
726|7|0.64
726|6|0.36
726|1|0.35
726|3|0.39
726|18381|0.86
726|4|0.21
726|2|0.72
727|7|0.96
727|6|0.0
727|1|0.52
727|3|0.29
727|18381|0.52
727|4|0.41
727|2|0.94
728|7|0.4
728|6|0.69
728|1|0.97
728|3|0.75
728|18381|0.91
728|4|0.08
728|2|0.19
729|7|0.28
729|6|0.88
729|1|0.72
729|3|0.45
729|18381|0.04
729|4|0.9
729|2|0.1
730|7|0.52
730|6|0.09
730|1|0.07
730|3|0.31
730|18381|0.32
730|4|0.88
730|2|0.84
731|7|0.69
731|6|0.92
731|1|0.45
731|3|0.5
731|18381|0.51
731|4|0.42
731|2|0.95
732|7|0.52
732|6|0.97
732|1|0.84
732|3|0.9
732|18381|0.26
732|4|0.56
732|2|0.73
733|7|0.36
733|6|0.76
733|1|0.38
733|3|0.57
733|18381|0.26
733|4|0.56
733|2|0.91
734|7|0.18
734|6|0.13
734|1|0.85
734|3|0.76
734|18381|0.98
734|4|0.6
734|2|0.69
735|7|0.39
735|6|0.0
735|1|0.65
735|3|0.96
735|18381|0.96
735|4|0.66
735|2|0.64
736|7|0.85
736|6|0.49
736|1|0.97
736|3|0.62
736|18381|0.42
736|4|0.61
736|2|0.25
737|7|0.82
737|6|0.52
737|1|0.28
737|3|0.44
737|18381|0.6
737|4|0.3
737|2|0.64
738|7|0.5
738|6|0.4
738|1|0.21
738|3|0.51
738|18381|0.85
738|4|0.25
738|2|0.98
739|7|0.15
739|6|0.18
739|1|0.91
739|3|0.18
739|18381|0.14
739|4|0.57
739|2|0.39
740|7|0.15
740|6|0.06
740|1|0.99
740|3|0.26
740|18381|0.61
740|4|0.28
740|2|0.9
741|7|0.57
741|6|0.9
741|1|0.5
741|3|0.38
741|18381|0.02
741|4|0.41
741|2|0.08
742|7|0.61
742|6|0.72
742|1|0.66
742|3|1.0
742|18381|0.54
742|4|0.43
742|2|0.93
743|7|0.06
743|6|0.45
743|1|0.53
743|3|0.77
743|18381|0.4
743|4|0.6
743|2|0.1
744|7|0.11
744|6|0.59
744|1|0.33
744|3|0.75
744|18381|0.39
744|4|0.22
744|2|0.62
745|7|0.66
745|6|0.72
745|1|0.53
745|3|0.55
745|18381|0.05
745|4|0.86
745|2|0.18
746|7|0.57
746|6|0.8
746|1|0.45
746|3|0.96
746|18381|0.6
746|4|0.05
746|2|0.59
747|7|0.99
747|6|0.68
747|1|0.92
747|3|0.93
747|18381|0.73
747|4|0.72
747|2|0.76
748|7|0.82
748|6|0.81
748|1|0.95
748|3|0.05
748|18381|0.05
748|4|0.42
748|2|0.93
749|7|0.58
749|6|0.51
749|1|0.07
749|3|0.11
749|18381|0.84
749|4|0.77
749|2|0.32
750|7|0.28
750|6|0.71
750|1|0.04
750|3|0.68
750|18381|0.66
750|4|0.66
750|2|0.57
751|7|0.79
751|6|0.55
751|1|0.91
751|3|0.59
751|18381|0.35
751|4|0.93
751|2|0.25
752|7|0.41
752|6|0.99
752|1|0.21
752|3|0.27
752|18381|0.78
752|4|0.04
752|2|0.36
753|7|0.83
753|6|0.28
753|1|0.08
753|3|0.66
753|18381|0.17
753|4|0.54
753|2|0.51
754|7|0.9
754|6|0.26
754|1|0.37
754|3|0.17
754|18381|0.74
754|4|0.46
754|2|0.46
755|7|0.77
755|6|0.98
755|1|0.38
755|3|0.36
755|18381|0.71
755|4|0.49
755|2|0.1
756|7|0.3
756|6|0.61
756|1|0.93
756|3|0.74
756|18381|0.81
756|4|0.44
756|2|0.18
757|7|0.7
757|6|0.76
757|1|0.42
757|3|0.2
757|18381|0.22
757|4|0.85
757|2|0.81
758|7|0.34
758|6|0.36
758|1|0.96
758|3|0.89
758|18381|0.24
758|4|0.28
758|2|0.96
759|7|0.67
759|6|0.18
759|1|0.05
759|3|0.34
759|18381|0.03
759|4|0.87
759|2|0.14
760|7|0.49
760|6|0.14
760|1|0.09
760|3|0.96
760|18381|0.5
760|4|0.79
760|2|0.64
761|7|0.66
761|6|1.0
761|1|0.53
761|3|0.05
761|18381|0.84
761|4|0.85
761|2|0.24
762|7|0.61
762|6|0.32
762|1|0.56
762|3|0.42
762|18381|0.58
762|4|0.97
762|2|0.84
763|7|0.6
763|6|0.08
763|1|0.12
763|3|0.4
763|18381|0.25
763|4|0.59
763|2|0.73
764|7|0.11
764|6|0.38
764|1|0.15
764|3|0.57
764|18381|0.88
764|4|0.64
764|2|0.87
765|7|0.58
765|6|0.26
765|1|0.64
765|3|0.87
765|18381|0.57
765|4|0.49
765|2|0.01
766|7|0.43
766|6|0.81
766|1|0.85
766|3|0.78
766|18381|0.18
766|4|0.04
766|2|0.54
767|7|0.9
767|6|0.27
767|1|0.77
767|3|0.75
767|18381|0.7
767|4|0.51
767|2|0.41
768|7|0.14
768|6|0.91
768|1|0.31
768|3|0.79
768|18381|0.91
768|4|0.1
768|2|0.78
769|7|0.02
769|6|0.61
769|1|0.28
769|3|0.97
769|18381|0.54
769|4|0.94
769|2|0.92
770|7|0.73
770|6|0.55
770|1|0.68
770|3|0.87
770|18381|0.42
770|4|0.86
770|2|0.04
771|7|0.68
771|6|0.98
771|1|0.91
771|3|0.77
771|18381|0.03
771|4|0.28
771|2|0.28
772|7|0.15
772|6|0.05
772|1|0.42
772|3|0.51
772|18381|0.62
772|4|0.14
772|2|0.21
773|7|0.05
773|6|0.55
773|1|0.24
773|3|0.81
773|18381|0.94
773|4|0.34
773|2|0.35
774|7|0.09
774|6|0.03
774|1|0.59
774|3|0.2
774|18381|0.38
774|4|0.52
774|2|0.78
775|7|0.55
775|6|0.46
775|1|0.83
775|3|0.86
775|18381|0.04
775|4|0.11
775|2|0.96
776|7|0.03
776|6|0.92
776|1|0.18
776|3|0.78
776|18381|0.36
776|4|0.44
776|2|0.6
777|7|0.01
777|6|0.85
777|1|0.9
777|3|0.42
777|18381|0.4
777|4|0.21
777|2|0.78
778|7|0.95
778|6|0.99
778|1|0.2
778|3|0.88
778|18381|0.06
778|4|0.6
778|2|0.72
779|7|0.79
779|6|0.19
779|1|0.7
779|3|0.22
779|18381|0.67
779|4|0.33
779|2|0.25
780|7|0.78
780|6|0.78
780|1|0.57
780|3|0.19
780|18381|0.41
780|4|0.27
780|2|0.87
781|7|0.61
781|6|0.76
781|1|0.12
781|3|0.11
781|18381|0.04
781|4|0.21
781|2|0.68
782|7|0.7
782|6|0.23
782|1|0.67
782|3|0.61
782|18381|0.82
782|4|0.01
782|2|0.68
783|7|0.44
783|6|0.77
783|1|0.08
783|3|0.57
783|18381|0.65
783|4|0.33
783|2|0.21
784|7|0.17
784|6|0.75
784|1|0.55
784|3|0.93
784|18381|0.09
784|4|0.85
784|2|0.45
785|7|0.16
785|6|0.18
785|1|0.63
785|3|0.75
785|18381|0.27
785|4|0.17
785|2|0.05
786|7|0.89
786|6|0.3
786|1|0.94
786|3|0.35
786|18381|0.66
786|4|0.89
786|2|0.32
787|7|0.57
787|6|0.08
787|1|0.06
787|3|0.13
787|18381|0.91
787|4|0.44
787|2|0.04
788|7|0.32
788|6|0.6
788|1|0.7
788|3|0.4
788|18381|0.18
788|4|0.78
788|2|0.9
789|7|0.35
789|6|0.56
789|1|0.98
789|3|0.4
789|18381|0.34
789|4|0.62
789|2|0.54
790|7|0.48
790|6|0.12
790|1|0.98
790|3|0.82
790|18381|0.74
790|4|0.62
790|2|0.88
791|7|0.88
791|6|0.79
791|1|0.48
791|3|0.53
791|18381|0.07
791|4|0.97
791|2|0.59
792|7|0.48
792|6|0.12
792|1|0.53
792|3|0.1
792|18381|0.86
792|4|0.07
792|2|0.92
793|7|0.3
793|6|0.54
793|1|0.75
793|3|0.96
793|18381|0.01
793|4|0.06
793|2|0.97
794|7|0.93
794|6|0.61
794|1|0.99
794|3|0.3
794|18381|0.05
794|4|0.21
794|2|0.54
795|7|0.93
795|6|0.09
795|1|0.61
795|3|0.28
795|18381|0.75
795|4|0.7
795|2|0.18
796|7|0.82
796|6|0.14
796|1|0.68
796|3|0.33
796|18381|0.35
796|4|0.93
796|2|0.88
797|7|0.28
797|6|0.29
797|1|0.47
797|3|0.69
797|18381|0.28
797|4|0.1
797|2|0.48
798|7|0.7
798|6|0.22
798|1|0.66
798|3|0.57
798|18381|0.47
798|4|0.19
798|2|0.97
799|7|0.65
799|6|0.54
799|1|0.87
799|3|0.06
799|18381|0.44
799|4|0.54
799|2|0.7
800|7|0.26
800|6|0.01
800|1|0.75
800|3|0.4
800|18381|0.1
800|4|0.15
800|2|0.63
801|7|0.38
801|6|0.68
801|1|0.22
801|3|0.54
801|18381|0.18
801|4|0.04
801|2|0.7
802|7|0.1
802|6|0.68
802|1|0.47
802|3|0.58
802|18381|0.61
802|4|0.05
802|2|0.51
803|7|0.89
803|6|0.66
803|1|0.56
803|3|0.79
803|18381|0.33
803|4|0.96
803|2|0.76
804|7|0.74
804|6|0.85
804|1|0.82
804|3|0.67
804|18381|0.44
804|4|0.53
804|2|0.66
805|7|0.25
805|6|0.05
805|1|0.42
805|3|0.94
805|18381|0.94
805|4|0.98
805|2|0.63
806|7|0.77
806|6|0.37
806|1|0.8
806|3|0.7
806|18381|0.82
806|4|0.13
806|2|0.48
807|7|0.1
807|6|0.85
807|1|0.24
807|3|0.06
807|18381|0.35
807|4|0.68
807|2|0.05
808|7|0.79
808|6|0.54
808|1|0.81
808|3|0.59
808|18381|0.9
808|4|0.54
808|2|0.33
809|7|0.0
809|6|0.56
809|1|0.81
809|3|0.99
809|18381|0.45
809|4|0.57
809|2|0.58
810|7|0.42
810|6|0.89
810|1|0.5
810|3|0.47
810|18381|0.82
810|4|0.22
810|2|0.68
811|7|0.45
811|6|0.05
811|1|0.82
811|3|0.19
811|18381|0.5
811|4|0.47
811|2|0.88
812|7|0.96
812|6|0.87
812|1|0.01
812|3|0.58
812|18381|0.4
812|4|0.59
812|2|0.22
813|7|0.53
813|6|0.34
813|1|0.18
813|3|0.1
813|18381|0.15
813|4|0.76
813|2|0.58
814|7|0.11
814|6|0.65
814|1|0.42
814|3|0.84
814|18381|0.05
814|4|0.96
814|2|0.01
815|7|0.74
815|6|0.63
815|1|0.7
815|3|0.72
815|18381|0.97
815|4|0.63
815|2|0.43
816|7|0.94
816|6|0.03
816|1|0.21
816|3|0.39
816|18381|0.43
816|4|0.99
816|2|0.12
817|7|0.37
817|6|0.91
817|1|0.23
817|3|0.74
817|18381|0.85
817|4|0.03
817|2|0.97
818|7|0.42
818|6|0.07
818|1|0.58
818|3|0.13
818|18381|0.13
818|4|0.76
818|2|0.49
819|7|0.2
819|6|0.75
819|1|0.58
819|3|0.79
819|18381|0.9
819|4|0.37
819|2|0.6
820|7|0.96
820|6|0.71
820|1|0.47
820|3|0.55
820|18381|0.87
820|4|0.15
820|2|0.29
821|7|0.17
821|6|0.38
821|1|0.1
821|3|0.48
821|18381|0.39
821|4|0.9
821|2|0.56
822|7|0.27
822|6|0.66
822|1|0.76
822|3|0.68
822|18381|0.35
822|4|0.52
822|2|0.65
823|7|0.64
823|6|0.74
823|1|0.57
823|3|0.06
823|18381|0.1
823|4|0.09
823|2|0.46
824|7|0.94
824|6|0.28
824|1|0.92
824|3|0.66
824|18381|0.77
824|4|0.12
824|2|0.15
825|7|0.96
825|6|0.78
825|1|0.22
825|3|0.52
825|18381|0.8
825|4|0.44
825|2|0.38
826|7|0.35
826|6|0.45
826|1|0.12
826|3|0.31
826|18381|0.35
826|4|0.6
826|2|0.55
827|7|0.89
827|6|0.9
827|1|0.76
827|3|0.81
827|18381|0.59
827|4|0.59
827|2|0.35
828|7|0.05
828|6|0.68
828|1|0.64
828|3|0.0
828|18381|0.13
828|4|0.4
828|2|0.31
829|7|0.82
829|6|0.83
829|1|0.68
829|3|0.45
829|18381|0.65
829|4|0.33
829|2|0.31
830|7|0.27
830|6|0.15
830|1|0.85
830|3|0.05
830|18381|0.15
830|4|0.78
830|2|0.6
831|7|0.42
831|6|0.58
831|1|0.24
831|3|0.01
831|18381|0.31
831|4|0.65
831|2|0.12
832|7|0.77
832|6|0.02
832|1|0.8
832|3|0.31
832|18381|0.74
832|4|0.51
832|2|0.6
833|7|0.61
833|6|0.58
833|1|0.71
833|3|0.14
833|18381|0.5
833|4|0.1
833|2|0.45
834|7|0.19
834|6|0.41
834|1|0.55
834|3|0.8
834|18381|0.47
834|4|0.38
834|2|0.57
835|7|0.73
835|6|0.9
835|1|0.77
835|3|0.01
835|18381|0.67
835|4|0.77
835|2|0.47
836|7|0.24
836|6|0.5
836|1|0.34
836|3|0.14
836|18381|0.95
836|4|0.1
836|2|0.58
837|7|0.54
837|6|0.43
837|1|0.06
837|3|0.17
837|18381|0.35
837|4|0.1
837|2|0.82
838|7|0.37
838|6|0.08
838|1|0.51
838|3|0.85
838|18381|0.03
838|4|0.23
838|2|0.96
839|7|0.13
839|6|0.28
839|1|0.62
839|3|0.55
839|18381|0.31
839|4|0.07
839|2|0.11
840|7|0.84
840|6|0.39
840|1|0.77
840|3|0.01
840|18381|0.5
840|4|0.79
840|2|0.44
841|7|0.76
841|6|0.03
841|1|0.82
841|3|0.65
841|18381|0.44
841|4|0.67
841|2|0.29
842|7|0.48
842|6|0.63
842|1|0.51
842|3|0.16
842|18381|0.4
842|4|0.53
842|2|0.71
843|7|0.64
843|6|0.03
843|1|0.12
843|3|0.61
843|18381|0.34
843|4|0.92
843|2|0.32
844|7|0.2
844|6|0.51
844|1|0.87
844|3|0.6
844|18381|0.23
844|4|0.74
844|2|0.53
845|7|0.55
845|6|0.93
845|1|0.36
845|3|0.72
845|18381|0.22
845|4|0.31
845|2|0.05
846|7|0.88
846|6|0.74
846|1|0.9
846|3|0.92
846|18381|0.22
846|4|0.32
846|2|0.25
847|7|0.68
847|6|0.3
847|1|0.78
847|3|0.81
847|18381|0.53
847|4|0.95
847|2|0.61
848|7|0.23
848|6|0.85
848|1|0.84
848|3|0.58
848|18381|0.1
848|4|0.53
848|2|0.79
849|7|0.12
849|6|0.94
849|1|0.8
849|3|0.54
849|18381|0.56
849|4|0.13
849|2|0.53
850|7|0.09
850|6|0.17
850|1|0.86
850|3|0.4
850|18381|0.26
850|4|0.34
850|2|0.83
851|7|0.09
851|6|0.71
851|1|0.81
851|3|0.76
851|18381|0.36
851|4|0.34
851|2|0.34
852|7|0.45
852|6|0.89
852|1|0.5
852|3|0.26
852|18381|0.58
852|4|0.09
852|2|0.94
853|7|0.82
853|6|0.96
853|1|0.92
853|3|0.86
853|18381|0.66
853|4|0.15
853|2|0.42
854|7|0.51
854|6|0.15
854|1|0.41
854|3|0.4
854|18381|0.23
854|4|0.07
854|2|0.31
855|7|0.36
855|6|0.28
855|1|0.27
855|3|0.03
855|18381|0.3
855|4|0.65
855|2|0.86
856|7|0.54
856|6|0.07
856|1|0.42
856|3|0.12
856|18381|0.3
856|4|0.55
856|2|0.04
857|7|0.23
857|6|0.77
857|1|0.91
857|3|0.51
857|18381|0.49
857|4|0.57
857|2|0.33
858|7|0.36
858|6|0.33
858|1|0.81
858|3|0.88
858|18381|0.01
858|4|0.11
858|2|0.04
859|7|0.05
859|6|0.71
859|1|0.26
859|3|0.45
859|18381|0.05
859|4|0.69
859|2|0.46
860|7|0.08
860|6|0.37
860|1|0.91
860|3|0.54
860|18381|0.0
860|4|0.94
860|2|0.79
861|7|0.78
861|6|0.94
861|1|0.55
861|3|0.85
861|18381|0.71
861|4|0.69
861|2|0.18
862|7|0.1
862|6|0.35
862|1|0.93
862|3|0.45
862|18381|0.89
862|4|0.39
862|2|0.59
863|7|0.73
863|6|0.31
863|1|0.34
863|3|0.89
863|18381|0.24
863|4|0.71
863|2|0.54
864|7|0.11
864|6|0.48
864|1|0.5
864|3|0.49
864|18381|0.13
864|4|0.27
864|2|0.9
865|7|0.6
865|6|0.04
865|1|0.77
865|3|0.08
865|18381|0.08
865|4|0.79
865|2|0.81
866|7|0.32
866|6|0.88
866|1|0.77
866|3|0.23
866|18381|0.48
866|4|0.51
866|2|0.8
867|7|0.84
867|6|0.07
867|1|0.78
867|3|0.16
867|18381|0.38
867|4|0.56
867|2|0.5
868|7|0.42
868|6|0.15
868|1|0.21
868|3|0.6
868|18381|0.79
868|4|0.13
868|2|0.06
869|7|0.12
869|6|0.94
869|1|0.28
869|3|0.12
869|18381|0.94
869|4|0.59
869|2|0.1
870|7|0.98
870|6|0.63
870|1|0.34
870|3|0.97
870|18381|0.88
870|4|0.74
870|2|0.26
871|7|0.17
871|6|0.92
871|1|0.68
871|3|0.48
871|18381|0.92
871|4|0.22
871|2|0.37
872|7|0.78
872|6|0.8
872|1|0.77
872|3|0.44
872|18381|0.56
872|4|0.4
872|2|0.9
873|7|0.43
873|6|0.93
873|1|0.67
873|3|0.46
873|18381|0.45
873|4|0.78
873|2|0.74
874|7|0.16
874|6|0.75
874|1|0.49
874|3|0.31
874|18381|0.69
874|4|0.76
874|2|0.76
875|7|0.82
875|6|0.92
875|1|0.62
875|3|0.12
875|18381|0.02
875|4|0.56
875|2|0.03
876|7|0.25
876|6|0.66
876|1|0.91
876|3|0.48
876|18381|0.99
876|4|0.53
876|2|0.71
877|7|0.4
877|6|0.61
877|1|0.44
877|3|0.13
877|18381|0.14
877|4|0.61
877|2|0.84
878|7|0.98
878|6|0.89
878|1|0.31
878|3|0.53
878|18381|0.73
878|4|0.39
878|2|0.06
879|7|0.39
879|6|0.22
879|1|0.36
879|3|0.66
879|18381|0.79
879|4|0.75
879|2|0.68
880|7|0.18
880|6|0.79
880|1|0.5
880|3|0.27
880|18381|0.66
880|4|0.62
880|2|0.03
881|7|0.12
881|6|0.86
881|1|0.16
881|3|0.03
881|18381|0.17
881|4|0.91
881|2|0.59
882|7|0.11
882|6|0.19
882|1|0.97
882|3|0.83
882|18381|0.72
882|4|0.02
882|2|0.28
883|7|0.75
883|6|0.16
883|1|0.78
883|3|0.63
883|18381|1.0
883|4|0.56
883|2|0.58
884|7|0.32
884|6|0.96
884|1|0.01
884|3|0.7
884|18381|0.23
884|4|0.18
884|2|0.51
885|7|0.47
885|6|0.1
885|1|0.21
885|3|0.28
885|18381|0.38
885|4|0.63
885|2|0.28
886|7|0.95
886|6|0.22
886|1|0.51
886|3|0.53
886|18381|0.79
886|4|0.98
886|2|0.81
887|7|0.32
887|6|0.44
887|1|0.04
887|3|0.39
887|18381|0.86
887|4|0.11
887|2|0.17
888|7|0.86
888|6|0.55
888|1|0.5
888|3|0.51
888|18381|0.27
888|4|0.99
888|2|0.45
889|7|0.38
889|6|0.04
889|1|0.98
889|3|0.22
889|18381|0.04
889|4|0.84
889|2|0.59
890|7|0.73
890|6|0.93
890|1|0.94
890|3|0.67
890|18381|0.38
890|4|0.09
890|2|0.62
891|7|0.66
891|6|0.35
891|1|0.45
891|3|0.0
891|18381|0.79
891|4|0.57
891|2|0.35
892|7|0.48
892|6|0.24
892|1|0.17
892|3|0.56
892|18381|0.61
892|4|0.57
892|2|0.73
893|7|0.18
893|6|0.38
893|1|0.71
893|3|0.5
893|18381|0.41
893|4|0.33
893|2|0.3
894|7|0.32
894|6|0.11
894|1|0.07
894|3|0.69
894|18381|0.75
894|4|0.37
894|2|0.03
895|7|0.02
895|6|0.07
895|1|0.34
895|3|0.97
895|18381|0.92
895|4|0.75
895|2|0.72
896|7|0.93
896|6|0.52
896|1|0.36
896|3|0.94
896|18381|0.42
896|4|0.68
896|2|0.48
897|7|0.85
897|6|0.35
897|1|0.7
897|3|0.04
897|18381|0.79
897|4|0.68
897|2|0.36
898|7|0.49
898|6|0.76
898|1|0.5
898|3|0.53
898|18381|0.4
898|4|0.74
898|2|0.76
899|7|0.64
899|6|0.03
899|1|0.39
899|3|0.96
899|18381|0.59
899|4|0.74
899|2|0.19
900|7|0.06
900|6|0.64
900|1|0.27
900|3|0.24
900|18381|0.53
900|4|0.48
900|2|0.79
901|7|0.59
901|6|0.49
901|1|0.09
901|3|0.03
901|18381|0.01
901|4|0.34
901|2|0.13
902|7|0.45
902|6|0.49
902|1|0.1
902|3|0.57
902|18381|0.41
902|4|0.28
902|2|0.43
903|7|0.78
903|6|0.56
903|1|0.52
903|3|0.94
903|18381|0.21
903|4|0.61
903|2|0.5
904|7|0.85
904|6|0.14
904|1|0.81
904|3|0.31
904|18381|0.71
904|4|0.27
904|2|0.77
905|7|0.03
905|6|0.62
905|1|0.59
905|3|0.33
905|18381|0.87
905|4|0.14
905|2|0.51
906|7|0.37
906|6|0.93
906|1|0.36
906|3|0.95
906|18381|0.99
906|4|0.13
906|2|0.57
907|7|0.05
907|6|0.06
907|1|0.98
907|3|0.19
907|18381|0.1
907|4|0.87
907|2|0.09
908|7|0.95
908|6|0.81
908|1|0.53
908|3|0.71
908|18381|0.88
908|4|0.42
908|2|0.39
909|7|0.73
909|6|0.81
909|1|0.17
909|3|0.77
909|18381|0.87
909|4|0.89
909|2|0.64
910|7|0.73
910|6|0.51
910|1|0.25
910|3|0.62
910|18381|0.15
910|4|0.83
910|2|0.1
911|7|0.69
911|6|0.37
911|1|0.14
911|3|0.63
911|18381|0.37
911|4|0.92
911|2|0.36
912|7|0.12
912|6|0.06
912|1|0.74
912|3|0.35
912|18381|0.03
912|4|0.22
912|2|0.61
913|7|0.77
913|6|0.59
913|1|0.09
913|3|0.75
913|18381|0.14
913|4|0.31
913|2|0.42
914|7|0.28
914|6|0.89
914|1|0.14
914|3|0.79
914|18381|0.62
914|4|0.54
914|2|0.2
915|7|0.96
915|6|0.7
915|1|0.4
915|3|0.89
915|18381|0.85
915|4|0.44
915|2|0.51
916|7|0.9
916|6|0.82
916|1|0.47
916|3|0.07
916|18381|0.87
916|4|0.09
916|2|0.45
917|7|0.3
917|6|0.57
917|1|0.4
917|3|0.37
917|18381|0.64
917|4|0.04
917|2|0.04
918|7|0.59
918|6|0.63
918|1|0.21
918|3|0.2
918|18381|0.1
918|4|0.51
918|2|0.06
919|7|0.34
919|6|0.6
919|1|0.29
919|3|0.87
919|18381|0.04
919|4|0.78
919|2|0.15
920|7|0.84
920|6|0.1
920|1|0.93
920|3|0.69
920|18381|0.47
920|4|0.98
920|2|0.21
921|7|0.59
921|6|0.91
921|1|0.12
921|3|0.17
921|18381|0.77
921|4|0.34
921|2|0.8
922|7|0.15
922|6|0.94
922|1|0.42
922|3|0.99
922|18381|0.28
922|4|0.9
922|2|0.2
923|7|0.83
923|6|0.01
923|1|0.07
923|3|0.8
923|18381|0.13
923|4|0.71
923|2|1.0
924|7|0.57
924|6|0.5
924|1|0.47
924|3|0.03
924|18381|0.43
924|4|0.95
924|2|0.12
925|7|0.71
925|6|0.95
925|1|0.32
925|3|0.07
925|18381|0.59
925|4|0.23
925|2|0.7
926|7|0.22
926|6|0.75
926|1|0.62
926|3|0.96
926|18381|0.8
926|4|0.58
926|2|0.68
927|7|0.84
927|6|0.07
927|1|0.55
927|3|0.46
927|18381|0.79
927|4|0.79
927|2|0.37
928|7|0.66
928|6|0.8
928|1|0.47
928|3|0.85
928|18381|0.95
928|4|0.31
928|2|0.88
929|7|0.56
929|6|0.77
929|1|0.89
929|3|0.58
929|18381|0.45
929|4|0.36
929|2|0.89
930|7|0.71
930|6|0.21
930|1|0.59
930|3|0.69
930|18381|0.34
930|4|0.14
930|2|0.87
931|7|0.3
931|6|0.26
931|1|0.42
931|3|0.84
931|18381|0.79
931|4|0.55
931|2|0.88
932|7|0.73
932|6|0.73
932|1|0.87
932|3|0.19
932|18381|0.88
932|4|0.79
932|2|0.1
933|7|0.41
933|6|0.64
933|1|0.33
933|3|0.74
933|18381|0.2
933|4|0.35
933|2|0.9
934|7|0.34
934|6|0.1
934|1|0.83
934|3|0.12
934|18381|0.99
934|4|0.22
934|2|0.76
935|7|0.45
935|6|0.12
935|1|0.94
935|3|0.32
935|18381|0.94
935|4|0.53
935|2|0.49
936|7|0.55
936|6|0.26
936|1|0.25
936|3|0.31
936|18381|0.78
936|4|0.77
936|2|0.87
937|7|0.54
937|6|0.17
937|1|0.09
937|3|0.84
937|18381|0.21
937|4|0.31
937|2|0.12
938|7|0.87
938|6|0.21
938|1|0.27
938|3|0.57
938|18381|0.66
938|4|0.09
938|2|0.6
939|7|0.98
939|6|0.16
939|1|0.32
939|3|0.54
939|18381|0.98
939|4|0.26
939|2|0.9
940|7|0.71
940|6|0.77
940|1|0.15
940|3|0.23
940|18381|0.57
940|4|0.21
940|2|0.78
941|7|0.16
941|6|0.74
941|1|0.63
941|3|0.27
941|18381|0.94
941|4|0.16
941|2|0.98
942|7|0.52
942|6|0.24
942|1|0.11
942|3|0.69
942|18381|0.59
942|4|0.05
942|2|0.15
943|7|0.61
943|6|0.93
943|1|0.91
943|3|0.95
943|18381|0.88
943|4|0.37
943|2|0.9
